13.96894698  
22.94642209  
-1.707711397  
-13.74274032  
-5.703464185  
-29.7895546  
-58.82007562  
-20.54924406  
-2.366697735  
14.64498605  
14.35305827  
-47.68140197  
9.792902601  
-44.96028442  
-43.76504395  
-19.81281392  
-27.02387179  
10.44061051  
-21.19503533  
5.427767255  
-10.32598197  
0.3462288909  
12.36942504  
-20.86469679  
35.92692892  
-9.981093503  
-53.17759154  
22.70298119  
-1.368821494  
-49.1030444  
-10.67642772  
27.46712156  
-29.25116107  
-45.34776092  
15.47698863  
-11.87418491  
-39.49567519  
4.727462658  
21.79755469  
24.70076867  
-8.615156309  
10.67041752  
33.97556406  
71.54515003  
1.652624957  
