-28.74539093  
9.858839917  
17.88173116  
-21.39236313  
9.848839816  
7.147054949  
-15.77444466  
11.77483653  
8.289782138  
0.8987325816  
16.74249901  
-14.84240723  
-3.311216773  
-18.04196947  
-9.620092597  
0.06088699663  
17.6725034  
-0.9902989435  
19.86403228  
1.946964461  
14.60356672  
-2.141168323  
5.209909804  
-5.911662433  
22.85743732  
33.84104153  
2.062961971  
-16.18886847  
-3.073125574  
20.97089535  
-42.1040275  
-15.89886667  
4.176831479  
-4.6013631  
-17.8961163  
4.554466363  
-3.76828587  
-21.26340733  
-10.16493422  
7.015869521  
-5.00107998  
-41.33202494  
-5.018770035  
-8.10875636  
22.5099149  
