1.282306225  
3.115919834  
2.229099432  
10.89128907  
-40.78447335  
32.47729806  
28.67778428  
-4.066901489  
-15.7208261  
37.35826302  
38.07361707  
-15.60389468  
1.323780473  
25.37059148  
-7.375182428  
-2.598251696  
11.61624013  
39.28487942  
-45.56886614  
16.75214604  
-3.017488738  
-29.29055206  
-1.18042168  
2.308784921  
62.41784566  
0.6406427656  
-71.28964661  
-11.67695705  
4.809684334  
26.94987466  
0.1558061892  
1.444497072  
11.03189876  
-8.520782719  
9.200709357  
3.857121721  
-20.65828706  
-3.274997024  
5.231610474  
-1.501161711  
-8.364941574  
-14.04322702  
-32.46320723  
47.75749932  
4.958562682  
