7.122438729  
5.429468867  
-9.650790415  
6.244365933  
-36.73345504  
9.599252576  
23.46132026  
-0.8465814631  
-28.77077108  
26.56514079  
24.90912868  
-9.620033769  
7.515422717  
6.011160143  
-12.70084057  
2.015199122  
23.51483744  
4.737149673  
-29.57504129  
0.4904741056  
-2.994969322  
-13.77835421  
-12.58585926  
-5.508596215  
32.11478122  
2.214271819  
-48.36058437  
-17.93996235  
9.066167685  
76.80161027  
-11.8085829  
16.71621951  
-5.927413509  
6.544665927  
-3.310847615  
-20.33749889  
-22.34687651  
10.70284475  
4.358212487  
20.08225796  
-14.07923253  
-40.96937879  
-24.5797859  
72.74783224  
3.792773401  
