-8.66087088  
0.06713330935  
-61.45417543  
-32.76955013  
-58.36871476  
-5.618130331  
-69.33418893  
-2.431100305  
5.113962469  
1.086314771  
5.304153256  
-17.89255179  
15.12073871  
16.1168352  
57.68867085  
0.7437389139  
-46.50947124  
-39.5585275  
5.926051673  
4.71944394  
-8.357100546  
-2.514837223  
-9.237476189  
-12.84788796  
-35.75353804  
-0.6823374047  
-6.631641613  
-26.96883272  
9.642616147  
-30.48898617  
-19.09571106  
13.13513493  
5.249133828  
-5.13780121  
-11.18448295  
-12.69140246  
-39.50269407  
-21.35729532  
7.651961166  
1.582706534  
-23.33991044  
3.753365999  
0.781583391  
7.632836526  
12.61297808  
