-11.07354911  
1.923613903  
-14.51139077  
-23.46502967  
-10.88660189  
10.77974362  
2.722196809  
9.414473574  
-5.326001778  
7.597874471  
-0.6314745157  
21.12669784  
-10.33094039  
-1.512359772  
11.01712058  
33.54647995  
20.18870407  
9.850547265  
-14.08789543  
0.8149540892  
11.165819  
-9.586660535  
-51.08395709  
15.50352101  
-5.356946856  
8.76451904  
2.274566975  
-29.67436309  
-25.24071566  
-8.373899737  
26.99256937  
16.08056138  
37.83362481  
1.753335931  
-18.19317215  
-15.91034927  
-2.14687488  
6.570510487  
-2.34554263  
-11.4367271  
5.91244174  
-28.76429227  
-2.7849539  
1.724918528  
14.1984804  
