-14.52798662  
14.4764931  
-50.0691708  
15.14884481  
-66.28576625  
-0.3978568538  
-13.60593976  
5.059897584  
-7.835523173  
2.335149933  
-19.1290643  
-13.9520437  
-6.312492082  
-1.630578994  
-9.445316958  
-25.95359578  
-19.62024831  
-12.61098459  
-7.673119953  
0.1884088634  
7.713918927  
-7.126362074  
-2.617940487  
9.709203206  
-4.851733827  
0.1835384812  
-7.274047172  
6.560311054  
-2.221390783  
3.923289094  
-1.996326592  
-4.498100674  
0.3483446587  
-2.837477768  
-49.94833911  
-9.628512324  
-8.94391104  
-10.03990673  
5.296392207  
-8.964582012  
-14.90587754  
-64.4593771  
-2.119766901  
-25.51742299  
18.83171616  
