12.30508188  
41.00080551  
12.47170466  
24.71818556  
64.69087439  
13.56861314  
-5.294127125  
13.00194549  
33.05552232  
9.662580607  
44.00911083  
16.89013027  
10.30699036  
17.09635305  
4.18813212  
-16.12294228  
0.2322329227  
29.07779884  
-1.618182159  
-22.19525191  
20.97357647  
1.430568188  
21.09051966  
7.554071595  
9.273223492  
35.66954002  
23.98309956  
19.07530972  
15.88542534  
-24.84476426  
-25.09134946  
30.26776691  
19.40075179  
3.935944016  
24.9435891  
-34.52123594  
-29.20717332  
-24.97335272  
2.814332982  
18.11931193  
32.82646898  
-24.84527711  
9.477745864  
2.666374596  
15.31788295  
