-39.24852958  
-11.78469927  
0.2313387307  
19.85509944  
8.954839968  
1.540070262  
-9.225080713  
2.428202245  
4.271747591  
-6.99370211  
-19.96823201  
-20.05368186  
16.97025556  
-17.4693037  
-1.836876724  
-8.917503691  
-19.81174794  
-22.69533232  
-2.891492147  
-5.202527894  
8.709987228  
-14.38356646  
-6.917799521  
0.1421206816  
4.838991684  
-1.020673032  
-12.40556868  
4.997009693  
5.424193727  
-36.09913273  
-15.31944901  
-15.38575237  
-23.18413878  
14.51666472  
-9.720490167  
14.66166012  
19.52998138  
12.34271897  
-1.787869389  
-28.9898508  
-14.20468826  
-0.2020230718  
-16.16912193  
-44.70273771  
-19.45744759  
