65.70216452  
-0.5269111806  
-29.90710322  
50.54013379  
-91.60146504  
26.13106543  
16.52144455  
17.87865702  
7.965719023  
9.255460427  
14.26738962  
29.84640653  
29.40603923  
6.303137485  
1.572087865  
10.75562822  
27.41898712  
16.16636182  
-11.34864203  
-8.33461622  
-48.37227035  
-2.31495998  
16.37904594  
-4.589522305  
60.65265107  
7.862079604  
-5.119602853  
-9.071935112  
-1.865515822  
72.69762155  
16.67397529  
15.64281066  
17.33265425  
-12.43334819  
1.688493194  
5.323980944  
-50.29534167  
9.988045125  
-8.572311348  
27.52043799  
28.78336778  
53.53905345  
17.37596611  
33.11314622  
-2.904165564  
