20.20045873  
-4.182195493  
1.803846839  
7.127058907  
-33.84032627  
40.39074838  
2.840189338  
31.8867129  
-25.42666449  
-12.39805382  
48.1672412  
4.865674544  
9.346793242  
-8.363082891  
-7.663147538  
-26.09520132  
-6.079760066  
-22.18523944  
-25.74812825  
5.713264669  
1.387806112  
-15.26731912  
6.948385927  
-4.985662319  
28.92475867  
-3.742659954  
-51.01116406  
12.85940195  
4.454928911  
84.22206339  
-26.33911433  
0.766925038  
-27.72613239  
1.636450436  
32.21032534  
-15.78046109  
-53.7408484  
17.24716448  
3.683857564  
21.00478598  
6.239936283  
-22.33851898  
-10.87188358  
16.79185328  
-14.74319124  
