-49.57795243  
-21.91667021  
9.417319842  
-30.16677391  
-19.1919402  
6.417816686  
15.25973831  
-20.23383356  
-26.43863589  
21.73950491  
-27.58618813  
5.605730071  
-16.32449737  
6.118872861  
21.71173865  
30.86165766  
44.77331197  
-10.41031382  
-37.44179499  
-20.58857797  
-3.779543465  
8.103052978  
-61.04936296  
-4.579451776  
-2.104305097  
35.54748986  
11.15780911  
5.213515153  
-5.905673007  
-15.66286949  
6.070374545  
-5.654884983  
15.36382677  
-39.228498  
-22.47039924  
-0.5996818232  
7.46277275  
-20.9620811  
-33.62363265  
9.202649764  
-24.10992274  
16.25568547  
2.536669165  
71.03738892  
0.9575976839  
