-51.88958113  
9.528660092  
-3.07699192  
-17.94598447  
17.24635888  
-11.2052407  
-12.97709681  
-4.272015511  
17.85733761  
-9.039899762  
-13.63139737  
-16.77648354  
-6.260688026  
-2.274059567  
23.12290853  
-26.97564827  
-10.90626999  
-35.9808139  
16.97385048  
10.29437982  
-15.85814595  
-20.70093819  
-15.60109036  
-23.61718189  
-80.47190355  
-4.868292036  
-29.76078404  
-8.661931216  
4.003414509  
-11.14649035  
-28.07711683  
1.745461456  
-10.7533479  
-11.20588442  
-0.144531916  
-27.9341848  
-31.67645578  
8.195234316  
-19.18794381  
0.1019334579  
-32.19266215  
-40.91928718  
-19.31543368  
-18.12787401  
-2.607183573  
