-6.210741452  
-6.27929178  
35.59210827  
-39.68651108  
55.68603856  
10.94788693  
17.28120406  
4.955628208  
2.326758255  
6.578251953  
18.11617059  
34.35915519  
-2.632529869  
0.5438510679  
20.36787214  
61.74999359  
40.05056408  
22.45267898  
-6.541562658  
0.5340263192  
3.441639006  
-0.5169209214  
-48.34921305  
5.910889596  
0.1674998985  
10.7049236  
11.06305305  
-37.92133895  
-21.41577441  
-10.31113807  
28.9888963  
19.2789536  
38.00538213  
2.793645595  
31.90384386  
-4.670755691  
4.839401479  
15.92698827  
-6.868597343  
-1.926893493  
21.3651325  
35.69508475  
-1.354917809  
27.24234146  
-4.511678774  
