62.22928491  
-9.611917567  
-39.03055346  
84.63474949  
-56.86541233  
23.1209404  
-28.46020967  
32.70979019  
-3.080776552  
-11.17586855  
-17.90601865  
11.50134154  
19.60866229  
-3.791706299  
-10.88780569  
-10.84077787  
-14.05386331  
-6.827055309  
11.86399844  
1.336029471  
-22.40780391  
-6.845961809  
31.59699559  
-13.81916219  
102.0773422  
7.288796117  
-30.40937409  
14.55449783  
5.041212051  
50.14628321  
-14.85096791  
-25.89179955  
-34.93008822  
-3.233882411  
21.66206832  
-28.91059656  
-81.78367143  
42.18419841  
16.06435277  
-0.9362522936  
0.5448777135  
1.994158075  
44.67728449  
12.81842655  
-0.9588386199  
