17.11440046  
21.75898979  
-15.05244103  
28.42187455  
-28.66010798  
21.20660619  
6.301438298  
8.791803141  
2.512098019  
-13.78839891  
19.10507841  
7.41618861  
10.63940533  
10.31447865  
-1.687758271  
0.857720942  
10.69048753  
11.79007568  
-10.06683985  
-2.034212828  
25.91519309  
-11.79642179  
-12.99925974  
-3.362630012  
17.00279831  
12.90487998  
24.71488927  
-2.909080643  
-0.1351785469  
3.042913984  
36.09340741  
15.93401831  
39.15918685  
21.59247599  
-1.893089333  
10.03282772  
17.99592223  
-22.44013994  
-14.05931055  
18.13049473  
7.282194029  
3.064024168  
10.63957757  
31.81593268  
19.45902837  
