7.02309225  
17.67810467  
16.09903935  
38.02055081  
-4.753484728  
14.62397908  
22.19070119  
11.46237662  
-14.97402722  
22.04190841  
30.48829781  
23.36411884  
2.298771552  
4.777019149  
1.941542559  
18.05594841  
4.614890948  
6.263552508  
-7.97865249  
-12.68726089  
-29.94920315  
-13.35310874  
-4.810756587  
-7.382987554  
37.95042346  
3.595866765  
-36.48794156  
0.3802440978  
21.22901734  
59.28354454  
0.4894420857  
16.039947  
6.065994931  
-4.741703987  
-9.433967847  
-11.89469965  
-37.92073125  
-7.290173009  
26.01869173  
-0.146729878  
20.80835804  
18.01310566  
21.3861916  
108.8026924  
8.364299695  
