48.29901708  
-6.846544637  
-15.42422831  
72.64406699  
-56.68189899  
10.04746435  
57.04701795  
-4.003308528  
14.19652244  
3.397288331  
12.67716328  
-37.31938654  
38.54852468  
31.15690643  
36.71768882  
21.84728706  
-22.70209864  
26.89714189  
-29.9484285  
0.5355336569  
44.36725774  
4.510003179  
19.32371707  
-34.18128881  
100.6199541  
-5.375150927  
-56.42848493  
-4.429311714  
-7.548776572  
55.77526532  
39.71432973  
-18.13359113  
-34.52339152  
2.708338856  
1.944765837  
36.00954363  
-67.96557274  
-52.30043529  
4.847311221  
39.40905846  
25.78684092  
16.02586313  
-6.04427743  
-34.86089169  
-35.61352641  
