-50.70338024  
1.395476346  
16.77308399  
-19.13251931  
46.55192693  
1.662013958  
-14.25818889  
9.145091398  
18.44114895  
-3.651523938  
-3.897529788  
-0.4812157118  
2.083472247  
3.474688149  
10.27771421  
0.5179793643  
6.929149522  
-27.28790323  
-8.058356989  
-11.26384949  
27.56890422  
-13.10918909  
14.02507772  
-8.257723365  
13.62570112  
20.23270622  
-12.78511611  
1.96268188  
-17.92298486  
-29.55523714  
-48.03870848  
1.280070052  
3.329441901  
-5.963315491  
-49.94151313  
2.791696328  
17.47415817  
-16.01954049  
-8.938854985  
-7.585278346  
-25.64462713  
8.511626084  
-15.07881472  
-46.77726061  
-11.15223589  
