-26.11971673  
-0.8054669588  
-0.1004846185  
15.97976875  
32.22913308  
-2.183546475  
22.9021134  
1.775952113  
10.2643445  
-6.57300899  
-26.42654982  
-18.18532473  
28.36582843  
3.890614701  
7.108769862  
-3.626591157  
-13.49676623  
-14.60059439  
-9.264903372  
-7.185007958  
33.87544182  
-0.9498142342  
3.829878218  
-13.11457739  
15.92938656  
-1.116744742  
-6.249460449  
-7.175213605  
-7.126246444  
-22.98535288  
-62.22984685  
-40.33787703  
5.951926808  
2.670768431  
-29.14562248  
40.80211359  
-4.626902429  
8.960570363  
-16.52656536  
3.013822135  
-7.682481358  
-4.763292218  
-20.473098  
-57.74013976  
-25.22645778  
