41.68164233  
16.99875354  
15.8103343  
-0.372075407  
-49.53425834  
-32.42418779  
72.40935189  
-38.25405797  
30.93792622  
15.48337183  
38.81557944  
1.838767264  
-7.481563702  
-56.0117747  
38.9197671  
6.619892117  
-32.52306143  
44.51210335  
8.821619764  
-20.03202073  
10.71824915  
9.41699224  
-32.07773605  
-25.82985271  
20.6093005  
36.8275408  
-28.29670172  
-25.91091847  
5.72832922  
53.21661671  
-33.64907119  
-11.1526465  
12.02139612  
-34.81815339  
6.469160048  
-9.17799753  
-5.943423743  
-11.94696241  
11.99037607  
10.56257675  
-25.67835923  
17.51496888  
22.95597045  
91.53520455  
-7.744965672  
