-3.792273368  
2.773886565  
-41.55253277  
-2.067054208  
-16.86148527  
20.10024554  
-6.978647533  
-2.150128438  
11.46535891  
15.13992574  
-4.741933133  
-9.614582322  
-15.73075532  
17.93425149  
-23.68213207  
-9.435928623  
-51.36110911  
14.63787266  
-35.33459218  
9.230490218  
5.562226772  
-27.49638418  
-27.17503334  
-9.276452821  
-31.99375752  
12.8510152  
-30.40236861  
7.760742426  
26.28322706  
-15.21744349  
2.815675336  
17.77169676  
10.89855819  
-11.85402764  
-25.81029493  
-9.903698637  
-17.91255628  
-1.388839237  
18.98449279  
-10.68559113  
-16.25621196  
-165.5700839  
-13.95486603  
5.342966026  
14.17465236  
