13.63737935  
23.83196721  
-9.533180403  
5.852669488  
-3.930549893  
13.06647392  
-22.75795124  
45.29689384  
-1.424606662  
-14.40389773  
35.71070367  
-13.40087355  
7.834605115  
-28.33580273  
2.848305727  
20.7816828  
9.987468649  
14.92249103  
-28.93012123  
3.428809909  
47.13429181  
-16.19433044  
62.29616363  
-9.396029001  
9.900892262  
-12.96506195  
5.875071716  
-40.71583636  
19.21709052  
8.478273453  
-27.00779083  
20.08548406  
3.254177271  
-17.72859859  
-30.47882873  
42.89664483  
-0.1479877476  
25.16431635  
-3.710156191  
58.9025344  
20.87275013  
94.45757102  
24.10387622  
-15.37186325  
-49.86137244  
