-8.130040534  
7.748205179  
-60.04604653  
-1.070405363  
-11.20075313  
0.1971973403  
15.4309041  
-5.294784131  
-7.248732475  
5.080935811  
0.4350708307  
-18.15031916  
-4.167164109  
-19.01804987  
25.98003488  
-29.40145251  
-8.332042768  
-26.16034137  
-16.201172  
1.351640868  
-17.33925514  
-17.62506461  
-2.952705457  
-12.71861695  
-7.054445823  
-7.901183943  
-4.02722285  
-0.132685348  
3.131789553  
-1.866263212  
15.52917729  
-16.45951607  
11.0781267  
-1.62063731  
-32.28236207  
-18.70825777  
-29.48381305  
-15.77162393  
-9.74487456  
-25.61427607  
-44.28050515  
6.278761772  
-3.650329252  
-16.88803251  
-6.236671514  
