-27.03317851  
6.532883877  
7.797780697  
-3.966708664  
14.97353246  
-9.712387505  
-3.843443712  
-15.57631367  
2.960225286  
13.04445574  
-16.71921531  
-4.134079973  
21.97231392  
-7.159748487  
-6.292190725  
27.1388842  
1.616163768  
-12.78548612  
-15.84160409  
-21.78503187  
4.475801489  
-0.650798883  
-16.78020206  
-3.136321424  
-15.12408804  
0.7885346448  
6.687810694  
-12.34197714  
-15.1540242  
-44.12424259  
-4.351385252  
22.40188878  
0.6101131246  
-9.145069347  
-47.18808641  
28.74050301  
34.7278117  
-4.6683257  
-7.573045832  
-9.483410175  
-6.916196464  
26.42892518  
-21.59994819  
-10.33235296  
0.5769593489  
