-2.728720534  
6.121905194  
-4.148530057  
-3.603406859  
-6.991869068  
0.2152226558  
4.86635551  
-5.043839359  
1.818949537  
0.1446214888  
-41.75644179  
10.24152936  
17.62776261  
-0.9663327603  
-2.942835336  
-5.244775688  
17.78918179  
-14.32853479  
22.0982374  
-2.906924965  
1.945656742  
-21.31493263  
8.128268542  
-1.067113863  
-3.165865037  
9.784333999  
29.26278654  
0.3111726691  
9.320392426  
-3.524322864  
-50.48662998  
7.013838196  
-6.462606211  
3.190802176  
-22.07982499  
6.1241143  
6.647690268  
27.88648461  
-23.2862222  
-20.14079542  
-9.244430886  
27.71176318  
-8.730982772  
-9.506215668  
-0.2005439085  
