-4.490235739  
-3.43130863  
-3.414052  
16.43935822  
-26.89946226  
19.67930673  
-7.737998306  
14.45896051  
6.189125073  
-44.32572365  
7.542139549  
-10.74549803  
24.71960961  
-7.77137424  
-15.15782326  
29.22135169  
-11.00482944  
18.96001992  
0.6448023878  
-1.79050649  
19.54252899  
-13.3364632  
53.6268056  
-13.69084237  
7.550265539  
-27.11694499  
-3.915073532  
-8.867418258  
12.57072297  
-68.99457645  
6.185295738  
13.6296434  
5.425691774  
6.939040049  
-5.742078435  
27.57503949  
-13.46559411  
-17.24409577  
9.256931452  
26.96842605  
7.547986889  
9.529727541  
6.5783177  
-18.6890368  
-17.24759932  
