-26.69015139  
5.90041909  
-52.12441809  
-17.33383972  
-38.61733186  
9.350794042  
22.19340514  
-12.41901383  
-23.40255009  
10.37775855  
-44.45952869  
-27.20991941  
-4.064371888  
-44.78826595  
49.5185439  
13.89665946  
-30.33073915  
-19.5096818  
-8.674246659  
-13.5735949  
43.41521827  
-7.233499685  
2.326981658  
-15.05590384  
-9.603800997  
-23.78108154  
-5.605495075  
-11.77702594  
-6.896605365  
6.111791645  
-42.20917322  
-20.11668288  
7.913376795  
-48.61280982  
-6.812755609  
27.14342799  
-66.54930932  
-19.99232132  
-29.1574842  
26.51902523  
-42.5976086  
-6.768231319  
7.903149605  
-8.005918429  
51.33111483  
