-3.259321339  
17.30190974  
7.371476926  
61.31173363  
27.72675507  
6.614677656  
20.39164635  
38.0392788  
-0.9258634424  
54.0394922  
41.35025811  
-9.953876344  
29.51527745  
37.63541039  
-9.17555716  
13.71647195  
1.640269523  
42.55048418  
-2.680385343  
-21.36978234  
-20.43460212  
-13.01622461  
-21.42427028  
12.3185286  
46.03976855  
-3.517650886  
-42.19934788  
2.665846229  
-6.860625614  
10.89463482  
-31.85755238  
-4.161041031  
17.23523206  
11.10239712  
0.5449436465  
19.57335933  
-40.73160609  
-25.46554849  
3.736650326  
31.27154633  
43.42493487  
84.37757424  
29.77323788  
68.1959999  
-9.085029296  
