-34.32958923  
8.862665855  
-56.94390793  
2.347482758  
32.74058506  
8.953009817  
-30.03347022  
-23.27255269  
-7.92765885  
3.839078187  
-56.17941695  
23.1310345  
-8.308330833  
-44.65083864  
-26.22602315  
-14.6386345  
-49.95153759  
-51.3813672  
-11.95574064  
-20.83781202  
23.47100945  
-10.5746996  
-14.30274083  
10.27151126  
2.034655514  
-13.31020423  
3.099293633  
-9.760295025  
-11.98486387  
-25.91610929  
-12.75700026  
-9.33799587  
-10.4651515  
-33.71757391  
-22.54303037  
-9.049463394  
-20.16108544  
-15.07736376  
-16.99265302  
-18.51137678  
-52.04763355  
-50.57246857  
14.46423938  
27.5767484  
26.06285964  
