-8.897129498  
30.25126816  
6.595073809  
17.90131078  
2.925382089  
11.32701298  
-17.6280909  
40.86914152  
4.147272926  
-3.840219798  
34.16187645  
-13.36686866  
-10.72846104  
-16.07024982  
-9.945683684  
-4.527708399  
0.5021339587  
6.145347268  
-4.508416764  
-2.736332727  
43.37364945  
13.90901777  
34.11171976  
3.416134644  
-5.221711983  
-2.10583601  
-9.736131344  
-23.45692386  
14.40075886  
-33.48635814  
-26.93839467  
19.40131367  
-7.284118995  
-21.93949776  
-19.50525774  
27.25346557  
-0.7530503614  
23.90469037  
-5.72678837  
63.81315774  
19.06571536  
107.2476873  
9.4352129  
-15.68497657  
-33.88488337  
