15.13817488  
12.88669462  
-15.86840585  
53.73478401  
-34.37274879  
28.7880196  
-8.013159435  
24.66613152  
-4.825338064  
-11.66352325  
27.200705  
6.327430695  
27.16573134  
-3.619425623  
4.052267045  
-27.91434223  
8.629790975  
26.2717858  
0.9970988467  
12.97452916  
1.005220614  
-27.36446115  
-6.147373365  
-12.77233523  
38.35513929  
-12.02193972  
-24.71314744  
20.61249352  
18.75308392  
60.15810302  
-23.97711075  
-25.22154697  
-0.5977656896  
20.1570693  
13.36583703  
-14.41272765  
-42.41499593  
0.9384944457  
19.05577925  
-10.84184954  
4.655891162  
-16.25401983  
21.20464686  
18.95751505  
-17.01030231  
