-8.002412118  
-4.897708561  
-10.87915553  
7.695564864  
-42.20627914  
1.94411636  
12.32345699  
2.624151731  
-6.154871204  
-3.088177551  
-14.70438882  
-7.043414559  
11.8276223  
3.642133896  
-42.58813594  
3.245777082  
-7.291770066  
2.054408812  
-20.26303669  
5.929667798  
31.22275019  
2.472906572  
15.95124029  
10.20308975  
6.832888863  
8.134384833  
-4.077040821  
2.961905763  
5.802789798  
-6.770895488  
-7.386985197  
-6.154064084  
15.73010765  
8.770538044  
-37.19354705  
10.01372949  
-9.263167997  
-20.84547716  
11.2607417  
0.3532787833  
-6.763095961  
-56.53626201  
-5.561378456  
-22.26657161  
25.91574427  
