-22.50376236  
11.00391865  
-10.9449036  
-10.36300162  
19.48895277  
9.230701401  
-10.16291878  
17.10804228  
-9.835779295  
-25.32800089  
6.174260535  
4.242983609  
-3.266339751  
-8.47087347  
18.30513497  
-11.56826389  
23.33965266  
-9.868782401  
-3.871920449  
-7.160051829  
39.43986861  
-15.17422761  
-2.452497112  
-8.167393524  
-5.602115664  
33.69456323  
9.436272951  
-1.690494473  
-26.60118157  
-14.39313539  
-10.90152326  
-10.30294997  
-8.819260365  
-0.9082597397  
-16.74794882  
-9.709568517  
-15.83012272  
-8.812124001  
-37.20520734  
-6.103567196  
-3.437558048  
-1.856335061  
-10.20759739  
-41.30558864  
16.07398542  
