42.25326044  
-7.474040533  
-17.60303328  
55.80523507  
-28.1701132  
16.10205271  
9.236501795  
18.3076304  
5.750453037  
-12.16501648  
24.9347099  
8.792908952  
7.677754135  
4.729097603  
-1.943655132  
-14.22821404  
13.15974221  
-3.155544244  
-1.745469421  
-5.277152899  
-9.245365552  
-17.38347589  
19.78423617  
-2.449084954  
68.65078891  
-1.577611999  
-13.36302786  
27.48836332  
15.06492431  
62.05389369  
-20.55891454  
-22.29788254  
3.520582354  
14.10254344  
36.01071419  
-10.47650044  
-45.97140763  
7.689603383  
0.8812646889  
-1.15272035  
5.916390095  
-22.73248676  
16.63533573  
31.16787398  
-6.939415188  
