-11.36154172  
-4.061894073  
-4.063205964  
15.05257035  
-35.31389288  
19.46302867  
-1.058638508  
16.1335845  
15.93732646  
-35.0958322  
14.09745205  
-5.777348016  
10.6150245  
-8.497560091  
-2.629707412  
17.91875177  
-10.70844502  
18.48081846  
2.09962972  
-16.38174546  
17.12084605  
7.382059554  
23.29300234  
-10.65894923  
1.059616516  
-39.40979031  
-40.81626612  
-5.928310394  
11.95973445  
-31.01342696  
9.820882604  
13.96024273  
-2.331483127  
9.149121143  
-8.974240206  
10.69981385  
-33.75883407  
-16.96306735  
2.977235038  
23.96055644  
4.94840539  
3.555883041  
8.109800916  
-19.4164914  
-9.262228889  
