25.45404255  
31.691577  
-15.97474531  
34.13723726  
-67.83907078  
63.91362044  
2.953893723  
13.05070364  
1.610855492  
4.076537705  
-22.03434857  
13.01646123  
11.16594574  
-33.87313522  
7.372360809  
13.13200068  
34.6288436  
-36.44169247  
-5.257085265  
-39.38303095  
12.85762865  
12.47695874  
49.68909975  
12.62496677  
42.03379867  
1.200109593  
10.62872817  
10.56027273  
12.40071414  
-4.569181209  
37.47096414  
-23.04852038  
6.104223385  
10.2331955  
-3.789839138  
15.7587522  
-13.77690448  
-4.593766099  
-18.1243689  
19.80630524  
-27.93490505  
47.34058817  
25.51505536  
122.7033065  
6.473938025  
