-13.42760575  
-20.06693032  
-11.83997516  
0.291269639  
-27.59629457  
-6.541063981  
6.200458618  
-4.05363649  
3.461729203  
9.971078856  
3.703831816  
-6.791646044  
18.94966635  
6.444494258  
23.19609076  
-33.02633535  
28.50405124  
12.00019182  
-1.865452627  
12.81026244  
28.34809023  
-20.04910142  
14.65385333  
-6.666305773  
-7.044973947  
0.1146048027  
1.363050561  
-38.46895571  
8.395506134  
17.53340427  
77.06261946  
-18.04861936  
20.56070749  
4.024543057  
-36.60634074  
17.72771854  
-27.63794921  
22.74780996  
-4.996193091  
-3.77152457  
-4.382862249  
8.208557863  
-18.62260643  
-13.69679338  
10.75013614  
