-12.44433237  
-9.607942199  
-8.395413913  
-8.176930799  
48.4532987  
4.766818045  
-14.31877368  
-36.52794959  
1.296195781  
-11.58323644  
18.85380851  
11.86202464  
-7.308206561  
4.087452626  
-12.71375104  
-12.31070715  
-18.289756  
3.91295061  
-34.47826824  
16.27541413  
-9.332957683  
-9.95535103  
-18.86569501  
6.306104474  
-39.16633672  
-9.493323242  
-33.90733854  
13.9572473  
-5.834147109  
18.63161476  
-44.3377223  
8.39970824  
0.547983936  
-17.74701701  
-22.79326546  
-32.63716663  
-29.01489428  
8.627643971  
-29.84329904  
9.000414783  
20.97738732  
-40.08955934  
5.024325288  
-8.790925893  
0.8201635629  
