-47.32385295  
4.755421378  
14.12480688  
-48.57246012  
14.88113089  
9.763580217  
-29.6488263  
2.241556119  
-13.00430778  
12.88478935  
5.920951605  
-40.9540544  
4.664730805  
-18.25159982  
49.00019407  
-5.161986779  
-6.307349896  
-38.13316593  
3.699793086  
-33.542328  
-7.408038896  
14.02973413  
-15.95183366  
-8.832557861  
-9.545106954  
0.728835466  
-11.96176876  
-38.29740763  
4.393958075  
-22.79815061  
-21.6195711  
13.04573352  
5.084383568  
-21.9123878  
-7.115626494  
-9.361024112  
-23.61560594  
-8.509602307  
-46.62915908  
13.37232661  
-92.05618612  
21.24119049  
-25.14260816  
-7.138941429  
-16.16359589  
