-15.63654974  
-6.163878618  
8.602148963  
-25.28563807  
-7.726866931  
15.68105136  
-3.169376826  
-6.648505891  
5.104744235  
8.516162015  
4.379125006  
-4.351731672  
-1.150351888  
0.7797201416  
-8.175776185  
5.281625887  
19.68465538  
-3.682026665  
-5.424283145  
-5.112745233  
4.660275645  
-10.70337756  
-25.10209193  
2.95882385  
7.140297531  
4.219626227  
-7.1922245  
-11.85090781  
-9.042969735  
4.775178834  
37.56396542  
20.46133562  
40.21657559  
7.59466625  
-29.95578811  
-4.830089223  
-4.550773515  
-9.064554625  
-6.147037075  
-6.284035828  
-1.116419748  
-44.22062913  
1.369180927  
29.91099118  
17.42813925  
