14.5109611  
30.63849099  
-17.399487  
-16.68476273  
-10.73516636  
18.01298831  
-12.90447454  
22.73803204  
16.80561771  
-4.071138488  
-6.39035177  
5.607261777  
-1.720616781  
1.041718276  
-12.83338908  
35.44050848  
29.88596678  
12.6624438  
3.735435493  
8.957187933  
-7.186953027  
-16.19425651  
10.79766579  
1.574585333  
20.17801699  
17.65217234  
16.01220621  
0.9590647194  
20.86966458  
40.15160569  
50.80503815  
10.3888744  
21.85305168  
-2.201190342  
-44.94558836  
6.353597336  
-31.2292368  
21.07611128  
-19.26406345  
-10.79203928  
-30.27321495  
-48.30299765  
-9.779022217  
9.327582008  
23.15381345  
