-11.73577771  
12.16462821  
-5.727347975  
-29.16164443  
-31.59520425  
24.70797451  
7.077203122  
-17.24514896  
-17.07134046  
19.04828502  
-95.19559428  
-8.503367016  
8.130858201  
9.042057001  
1.302165219  
-6.666470452  
36.70136767  
-16.91680594  
14.14023363  
-4.73295099  
15.45969487  
-18.4436685  
31.33623706  
9.613834284  
-12.12657008  
-19.11402267  
20.37268332  
-6.491619786  
-7.626531096  
31.24251764  
-4.376979325  
-29.88961396  
37.59831786  
20.24747325  
-24.49947108  
8.096068427  
-39.69061562  
3.062774208  
-16.99630188  
31.50875366  
-61.06725179  
43.19254801  
-3.101064226  
17.22253811  
36.74933163  
