35.46488606  
23.93423701  
-4.103178972  
16.3226021  
-0.8775337953  
42.8550095  
-13.21910633  
-0.1063721723  
6.978675548  
-5.720106623  
2.038447321  
33.0325449  
14.75323348  
21.54962202  
-25.80190681  
25.96514988  
16.60986754  
7.518110051  
15.49417957  
-20.99712308  
31.14516316  
-5.058685128  
8.141629571  
2.593034561  
14.15484116  
14.26199259  
-6.805630109  
6.720638587  
10.4690166  
13.78545246  
65.43211309  
32.05950333  
36.41474847  
13.34806727  
-15.14078896  
-0.315100172  
-16.75249832  
13.90286711  
-2.048549759  
3.944689967  
10.0576079  
-4.609459  
6.645986681  
38.91563606  
23.40541301  
