-4.5855057  
12.65303482  
-37.64571424  
9.419675424  
-21.14384115  
26.09266395  
-4.943808552  
-12.82106816  
-3.098069946  
-1.634572027  
-29.30348888  
15.43971632  
-2.674050743  
-8.886476406  
7.488922857  
-26.31243507  
20.1468813  
26.12930674  
6.935869989  
13.25414998  
-12.81899815  
-20.65476549  
-11.46473093  
-13.89886525  
11.44499696  
23.44637383  
50.51533961  
-22.28324193  
0.0198806902  
32.68592819  
66.06031216  
-3.086171527  
32.83503772  
31.43573421  
-27.13530326  
2.449709718  
-14.81268318  
-17.45310599  
-11.49671535  
-19.57685188  
-3.078604451  
-3.906888845  
10.04970935  
-35.82295924  
15.75468629  
