23.52843517  
-3.76302907  
-9.989663189  
50.95432421  
-14.31908592  
8.279862549  
5.675567686  
2.102828026  
7.663265099  
0.705450821  
6.473067295  
4.380352307  
31.32976062  
-2.289770194  
-7.570463484  
11.13862198  
14.32630518  
-13.47537167  
-17.73407838  
-27.28740747  
-4.973674793  
-17.95674258  
2.569693303  
-6.761426734  
53.74712857  
-1.018484187  
-9.078996459  
13.43275009  
0.4438006991  
16.94870307  
-24.91029962  
-0.04680840204  
3.786891603  
5.078598651  
-11.94246089  
18.53914432  
-11.20521064  
3.711720457  
-7.188080678  
-10.4571996  
-1.723706967  
3.696438107  
-5.175431758  
20.83552102  
-5.041608183  
