51.02302038  
37.11653345  
-12.82407175  
41.5073197  
7.358717627  
27.57893257  
-8.7021092  
6.771832627  
1.419331653  
-13.82865571  
-2.277410195  
37.5802565  
14.87237308  
18.82102304  
-17.28627581  
24.43951127  
-3.465835414  
10.56341  
19.92233216  
-15.87918956  
26.37595379  
9.321572981  
34.5967773  
0.1595692056  
7.818152953  
10.06998349  
-0.4810351782  
21.21930488  
19.80585059  
6.752856865  
27.86814828  
11.14735004  
-3.02862416  
5.536381117  
13.37775989  
4.020174898  
-11.52652047  
25.09110734  
-0.3065346865  
9.906421791  
9.5577106  
39.61117033  
5.421921997  
9.004644709  
5.429743077  
