-9.668873261  
-0.6084514089  
-39.92602908  
-13.54123639  
28.61002019  
19.93492704  
-18.56654941  
-42.62078014  
-19.26887871  
-7.032675212  
-39.16341633  
3.56957655  
18.32501979  
3.92169701  
37.59384248  
-43.56995055  
-9.510902146  
14.97938818  
38.68066945  
-24.1878954  
-25.62664904  
-35.5864585  
6.719589527  
-13.48399035  
-43.51567153  
3.673669572  
35.15774097  
3.421954952  
2.089040231  
-26.64500673  
-10.76468385  
-8.007662284  
2.004888515  
-9.815925688  
-2.922334533  
-22.62514943  
-11.7321543  
-40.40664752  
1.734460921  
-11.25026899  
-30.16478075  
-77.11290865  
2.870764883  
3.954942636  
-1.988304618  
