-4.480506547  
-23.95525932  
-17.99442146  
6.869568648  
-28.9192161  
-66.86407729  
-4.341001262  
8.143367043  
-94.44906324  
-3.787385141  
8.606547879  
13.8540304  
3.991861976  
-21.7814904  
10.27878574  
0.7630674865  
55.78274882  
0.1170479626  
-30.74133775  
-19.56946428  
-3.653203293  
0.8680163635  
-18.52719341  
-1.235332812  
-16.67060275  
-34.05908139  
-27.00800109  
-6.981104247  
-19.36908563  
-27.92602951  
4.437173558  
-46.59348441  
-3.310889139  
1.208062708  
-2.067544221  
-11.96215873  
-16.83206434  
-42.99772967  
-42.72073986  
-3.779435637  
-1.929510931  
-10.8112527  
12.5353819  
-9.046793782  
-16.1780757  
-33.91207602  
3.407888692  
