-28.7551594  
-1.595683053  
4.78697037  
25.44620499  
-21.26699074  
-32.04767385  
43.69052814  
1.357637359  
-18.44649656  
-4.249054777  
-23.92253923  
-6.822865548  
9.742143534  
-34.99586628  
1.592390442  
1.590687568  
37.21116104  
11.43979685  
1.379469435  
-14.90358879  
4.669828809  
-2.51806166  
-50.04796562  
-22.49938464  
-21.21959991  
-40.13623831  
-52.0029929  
-6.76119448  
-25.99887294  
-15.80925393  
-9.393619162  
-41.86469623  
-13.23844034  
1.672553166  
-8.862370321  
-18.75675401  
-7.889026502  
-36.11666939  
-33.75006579  
0.3747407359  
2.939104371  
-6.094445445  
-3.188812205  
-44.56796661  
-24.91798591  
-67.64831484  
13.34706435  
