86.05415397  
0.224767042  
-27.70401303  
36.11719464  
56.19150812  
122.7001378  
120.8304203  
33.14135291  
122.9882531  
23.83712874  
39.60427426  
2.645826294  
53.23965001  
58.44150186  
-26.98097914  
17.01731104  
-153.379465  
48.57152897  
16.75219124  
58.91866138  
-36.03802122  
35.73731331  
117.865738  
21.12536013  
17.42366675  
96.51485294  
78.2945291  
55.632208  
1.744732359  
94.81364748  
13.20783619  
26.65823803  
158.3319205  
52.94720208  
88.18179208  
42.0956053  
24.41210979  
63.64308228  
61.08142097  
73.89343639  
45.57366844  
43.86358464  
92.15859687  
-68.28421729  
31.25515054  
123.1770089  
75.22413516  
