29.16607778  
11.63628764  
17.35301911  
29.04079586  
25.2057075  
27.19804936  
20.37122795  
18.23868309  
-10.77834871  
4.269897256  
28.31217784  
2.55070906  
8.157563265  
1.734081376  
0.8239303027  
12.80364559  
10.34641158  
2.4196361  
19.33684636  
8.027421473  
-6.177283555  
-11.78079361  
41.48130259  
-8.464663854  
-1.717127202  
-8.488775569  
13.66945088  
16.96744851  
30.23611421  
24.02519449  
1.498133111  
-41.35642261  
26.68564337  
22.75128427  
23.92249766  
17.76700377  
27.19683257  
-36.39286164  
-6.023509884  
3.783616024  
12.62572498  
14.30786223  
31.49890142  
-18.31330884  
-0.0444411799  
31.24882985  
26.56162465  
