-6.49337468  
-16.43644572  
-9.395217096  
8.248466476  
-14.7693545  
-13.99953821  
89.9655147  
3.518060611  
-9.776795411  
-11.19794324  
-8.382959092  
0.958655965  
7.969572751  
9.989413505  
-21.66421134  
14.41596915  
-19.87807719  
39.71387029  
2.14084663  
17.31000903  
-6.517275816  
5.657426554  
-2.813112386  
-3.725869852  
-17.18494736  
-5.661940956  
-35.90461629  
23.42462929  
-24.70869944  
34.57733322  
-1.920533041  
-19.22399879  
-9.739925333  
4.67781698  
15.02428386  
-18.69456739  
-17.80374732  
-34.67653161  
-7.53675918  
25.42689904  
-10.11788797  
8.586650146  
26.34048343  
-11.46784094  
-7.934338655  
-14.08544066  
25.01957062  
