-3.695751436  
-24.18905659  
-3.962305822  
13.96809166  
13.12428638  
-32.37260063  
37.5322293  
26.86540548  
-0.7550209881  
2.332066958  
-6.896430849  
13.76555796  
0.6817211225  
-21.15632565  
-6.330754206  
-2.026602337  
-19.97711903  
2.921486815  
-40.1716117  
17.32722373  
-24.62073755  
16.63270924  
4.436467002  
-11.29544971  
-18.69965846  
15.68792882  
-6.503159178  
5.353900642  
-15.89485052  
-9.481229718  
1.981160718  
-30.70235024  
46.60150346  
12.26655474  
20.75712496  
-8.315317053  
-18.22063081  
20.08249779  
-23.27550712  
17.362477  
30.45113202  
-8.486040153  
22.09613666  
-148.3618284  
-14.18990885  
4.882975256  
50.86644998  
