-0.08922559525  
-0.6505746744  
-0.2357686126  
1.208056962  
0.1535138967  
0.6681430407  
0.6288797952  
-0.4868770247  
-0.1615601064  
-0.07905103152  
-0.3437795529  
-0.6291901904  
0.4401347404  
-0.3616023785  
0.04360892536  
-0.2641889646  
-0.2924009508  
-0.3804954979  
0.1283459988  
0.1944354023  
0.1676378439  
-0.6387619127  
0.1323574625  
-0.9930220979  
0.8319287578  
-0.2598727984  
0.7336541246  
0.073742614  
0.08875129205  
1.093962065  
0.2005248233  
0.190678411  
0.3271898781  
0.009346534372  
0.1038269906  
-0.5967038445  
0.0880144687  
-0.06840382458  
0.107693571  
-0.2991900002  
0.01696336964  
-0.03967913683  
0.9501946867  
1.202113485  
-0.5458498598  
