-0.03178725616  
-0.01364837994  
-0.2102498635  
-0.2543921258  
0.04787131637  
-0.03669334251  
-0.02333646701  
0.3873278029  
0.1829358811  
0.0009542343178  
0.03965904244  
0.05604927814  
0.1438703964  
0.03426742668  
0.06922191658  
0.02022223067  
-0.02169217324  
-0.1039967075  
-0.05552876066  
-0.08018500078  
-0.06878741286  
0.01265898134  
-0.02506141744  
0.1843428502  
0.3209806876  
-0.08052734798  
0.2214986742  
0.2174610634  
0.04328623097  
-0.3539142092  
0.1221521365  
-0.02594602758  
0.09346652692  
0.002434546303  
0.02621486676  
0.1382109653  
0.1286032518  
-0.1203167996  
-0.2644174724  
-0.2214216526  
0.05841039871  
0.08592928285  
-0.04623140726  
-0.6168386186  
-0.04452694027  
