10.8605594  
31.10906632  
3.998137888  
42.10897449  
-39.98286034  
7.861480433  
7.404844074  
28.12006038  
-11.28340667  
1.144090101  
30.11598994  
-4.297790032  
12.41686283  
5.84594284  
2.121443961  
5.046386957  
25.13327304  
0.7250252934  
-2.296339517  
-9.325819649  
16.00175453  
-9.985245497  
4.906424139  
7.382719718  
22.36168165  
2.121225698  
0.2945405403  
-24.29441716  
2.204414438  
16.33965931  
-53.73086077  
27.15552529  
10.20730242  
-17.62227981  
45.24011731  
10.30342567  
-22.28530145  
-30.5357074  
10.94845783  
30.09819147  
30.35939586  
-3.557652643  
-5.334842182  
15.04061086  
-10.68228874  
