0.1305115755  
0.02923375635  
-0.06159264826  
-0.3201161435  
-0.03480857702  
-0.1122674241  
-0.1672074158  
-0.06697220945  
-0.04858930634  
0.08727915456  
-0.1753998149  
0.05206434723  
-0.1385345967  
0.008995376708  
-0.0814282956  
0.07470722953  
-0.05217155023  
-0.08099321914  
0.02796751441  
-0.04762588197  
0.02462647573  
-0.02644830253  
0.2333897179  
0.01839011226  
-0.3030340563  
-0.1354529377  
0.03139976304  
0.1873112044  
-0.02206044103  
-0.01944831099  
-0.09066567438  
-0.01172854697  
0.2296455841  
0.05794922208  
-0.03249445087  
0.09925940849  
0.08609352208  
-0.1039868756  
0.09512177327  
-0.09480237242  
0.03701140884  
0.04301986799  
-0.07574801139  
-0.5124270572  
0.1076342364  
