0.4355406158  
-0.1378125096  
-0.1232355297  
-0.1230451812  
-0.09921579929  
0.1227330549  
0.4700135324  
0.06989237008  
0.1203620714  
0.3374386672  
1.07412648  
-0.05564662102  
0.9295345559  
-0.3062034461  
0.1401278735  
-0.1570261614  
-0.1895756414  
0.2560868926  
-0.02121306357  
0.5547893079  
-0.4116928992  
0.1190184922  
-0.7338814462  
0.02109549596  
0.532028027  
-0.3873528036  
0.1667369832  
-0.6903688702  
0.07212829618  
-0.5244867644  
0.09884631927  
-0.257191946  
-0.5010404423  
0.2836516013  
-0.2074236026  
-0.1860501587  
-0.2256753533  
0.1550256767  
0.1795536677  
-0.03189845242  
0.02236067146  
0.05153119202  
0.2331822131  
0.3471781605  
-0.4111540038  
