-6.542615083  
21.61971858  
10.84910428  
36.35701311  
2.152872994  
10.73853439  
-7.88324101  
23.83333726  
24.3428563  
30.56461045  
26.54691273  
-15.89013126  
-14.56736496  
30.54997788  
-1.438838247  
15.91993101  
6.634063794  
-20.01962216  
5.912978322  
-7.264250791  
-8.984367101  
-25.32871645  
12.8484624  
-11.89307697  
-6.247601807  
-2.150853589  
-10.83589486  
28.58537706  
7.240165681  
-19.67385171  
-61.69527387  
-3.24995579  
-12.58739038  
20.99249184  
22.35039955  
-18.46535955  
9.876749994  
-2.887944041  
-32.10277776  
30.30288719  
-11.08305972  
-47.99458068  
9.359518432  
-19.86349905  
15.67409802  
