32.02701559  
15.28446572  
14.38841687  
23.4331567  
38.40224408  
45.13522445  
-26.10821838  
-14.5453857  
6.542355251  
4.682821992  
11.54889987  
-3.293192623  
0.3358002465  
7.129268457  
-8.49785125  
14.88044895  
10.38249961  
2.269247674  
-1.289308485  
-30.45830685  
29.78581602  
-17.51645061  
13.50368472  
-1.40316782  
32.52034127  
6.352228755  
26.57032816  
25.84925657  
13.15187428  
2.886818019  
-5.745645366  
-2.922120458  
18.08508584  
11.36482414  
28.23528315  
13.64377939  
1.026464293  
7.372652772  
-8.140277457  
24.14741436  
21.35147983  
-18.59210439  
12.92512425  
81.69403275  
-1.200789049  
