0.1227163726  
-0.2011087082  
-0.09406131994  
1.545582292  
0.3141023072  
0.1848474571  
0.2167932249  
-0.7646246902  
0.3482208682  
0.3314042366  
0.5811194333  
0.01869122234  
-0.3140077  
-0.3041156121  
0.2941396068  
1.650308584  
0.2741609767  
0.3051318077  
0.00575548921  
1.379917848  
0.3475025111  
-0.4816907713  
0.5228387618  
2.233679204  
0.3521524138  
0.8722233461  
0.4784908538  
-0.08988098389  
0.1246988065  
0.4023115701  
0.3742833536  
-0.1659666124  
-1.11912028  
0.7882398955  
0.3808319201  
-0.441270724  
0.2948172478  
0.2428832705  
0.4622762257  
-0.2300612129  
0.2020606781  
0.2785974222  
0.4023607057  
0.5572179309  
-0.2447152637  
