0.2093155878  
0.2378575579  
0.1783341534  
0.4324605712  
0.2432608815  
0.5066699208  
0.671291134  
-0.3706064003  
0.0324602648  
0.4038340492  
0.2113988535  
0.3707946295  
-0.04899304448  
0.2763340189  
0.09491558514  
-0.05017726899  
-0.1053415512  
0.3838476141  
0.06424324677  
0.1452275702  
0.2726974899  
-0.04454096373  
-0.03901535147  
0.5472302387  
-0.03926746987  
0.2961556756  
0.3659626411  
0.09969650635  
0.07328574773  
0.2632147105  
0.1896527152  
0.04263563001  
-0.1843320315  
0.1543078478  
0.1418860406  
0.1024233433  
0.02921033389  
0.1263065251  
0.1565238187  
0.04600861874  
0.01333817555  
-0.04986297333  
0.1271390163  
-0.2475679482  
-0.03600419229  
