0.05333995459  
-0.003791095007  
-0.08623255199  
0.1145156913  
-0.2540912511  
0.2364158799  
0.2104872758  
-0.1521265433  
-0.0671991463  
0.1534494093  
-0.002716232973  
0.002674107759  
-0.13318037  
0.06953800199  
0.0005752858193  
-0.03528930012  
-0.1297286086  
0.08783295761  
0.0616571117  
0.1052583251  
0.1880178672  
0.001393488793  
-0.03807024967  
0.1412727777  
-0.04923236154  
-0.003390626928  
0.1087145446  
0.01436672673  
0.009467840567  
0.2487652988  
-0.02497502888  
0.07616460169  
-0.1696927226  
0.05695759681  
0.06784515565  
-0.05997075818  
0.01319242743  
0.2058532883  
0.08823770151  
0.1069254817  
-0.08224105535  
-0.07719276384  
0.09071322208  
-0.006461835171  
-0.06349957004  
