-0.005257967795  
-0.1219013231  
0.09303167922  
-0.1949321314  
-0.2165011693  
0.01681851068  
0.0698739269  
0.02128138064  
-0.1465240334  
0.1340112248  
0.02530749552  
0.08964940831  
-0.05279227866  
0.04339953736  
0.0001989676837  
0.1706303835  
0.05937933611  
0.1522136435  
-0.004380599641  
0.007437813872  
-0.05537887674  
0.2121141096  
-0.0004209422979  
-0.191259403  
0.03249458047  
-0.003729383215  
-0.03741973333  
-0.05338349214  
0.07166323015  
0.2183016854  
0.04289959878  
-0.09085684404  
-0.007184072398  
0.03541497524  
0.009463908125  
-0.005027473146  
-0.05946520033  
0.1689121453  
0.1011260217  
-0.1774278516  
-0.03228541345  
0.1081937475  
-0.1062811329  
0.09343937234  
0.008222347914  
