10.66312204  
32.74434806  
6.726708959  
33.41360821  
85.69838096  
-2.717644013  
16.3185306  
-8.65131608  
26.31215029  
-3.739926882  
32.33836547  
8.895297766  
33.7703177  
41.05271977  
-0.3066285813  
-41.25038644  
-7.105545576  
25.00044665  
13.56221602  
2.868466517  
11.62049044  
-17.42957789  
-7.144864471  
-14.24318021  
4.326274939  
47.28334983  
34.51931713  
44.14968985  
46.41300208  
20.95207856  
-33.89985064  
-8.059209251  
26.08388794  
-15.78036476  
54.24904682  
11.38368857  
8.07282401  
-30.90568126  
-9.20780484  
35.57060529  
29.327825  
87.25111845  
32.87907133  
48.77552472  
12.37021235  
