11.87971279  
22.76584513  
-7.796986465  
42.15843883  
53.69968355  
-14.29663585  
1.944671452  
18.32753203  
10.34258228  
5.804893703  
32.26530627  
-7.376943021  
17.75503508  
17.37933742  
1.511919363  
-29.76898559  
-9.519953672  
21.47199392  
-3.413928839  
-11.85326561  
-21.37662427  
-29.76834802  
-41.72248666  
-20.68051689  
1.892979197  
20.8992001  
20.54982234  
26.61690406  
17.15611118  
1.396171685  
-69.83790647  
-23.50392718  
-53.9330518  
-56.3098114  
71.37705882  
6.312158469  
-7.831978074  
-49.83233041  
-33.98421958  
42.09290911  
16.90456647  
155.3047072  
4.199955589  
21.1387994  
8.300526981  
