0.05589738101  
-0.5531901987  
-0.08180067387  
0.3104817636  
0.100278943  
0.1559325955  
0.3118179513  
-0.3888066179  
-0.1730787606  
0.1153670604  
0.06501316685  
-0.2493073276  
0.175427399  
-0.3916541966  
-0.01973934987  
-0.01311252703  
0.4937734295  
-0.2203211493  
-0.0650587777  
-0.1356020886  
-0.05778377737  
-0.09645295624  
0.009812096469  
-0.4568190529  
-0.3546192986  
0.03130589862  
0.1578640798  
0.1026125895  
-0.3131027522  
0.4409008009  
0.3332018786  
0.1565384475  
0.01156598778  
-0.01180478269  
0.07664476789  
-0.2503816095  
0.2222458909  
0.5761734378  
0.1839985863  
0.2396106297  
-0.2057047189  
-0.01681278565  
0.3842436234  
1.912349742  
0.4738201766  
