0.3751574128  
0.2031782888  
0.1826160903  
-0.7717046113  
0.3658312863  
0.009177265028  
-0.6056081076  
0.07289815562  
-0.1996699965  
0.07294007715  
-0.3683453788  
0.2686686856  
0.1716078969  
0.05377178965  
0.1852301909  
-0.2264546293  
0.05438384101  
-0.05843820494  
0.09931594386  
0.1229333804  
0.1460274076  
0.9547451388  
-0.05429591419  
-0.1501380723  
-0.3430827345  
0.2069116627  
0.001820434011  
-0.4152285562  
-0.032409559  
-0.7352822538  
0.2526192193  
-0.5873366331  
-0.01780211835  
0.03249085442  
-0.1758805968  
-0.002625243887  
0.1524555221  
-0.2938493012  
0.1955526199  
0.3841681358  
0.00530924986  
-0.07819174464  
-0.04503022531  
-2.13669203  
-0.1884174939  
