0.01174322158  
0.05258753176  
0.08515658548  
0.9378646847  
0.2102457913  
0.08669726242  
0.2719000527  
-0.2711499831  
0.1696659777  
0.1202596353  
0.3484424743  
0.0462029314  
-0.2231872521  
-0.1054056159  
0.03585521944  
0.6340444633  
0.311267536  
0.2018107485  
0.05234251525  
0.4868642323  
0.2817415016  
-0.1997627459  
0.2577575614  
1.241433496  
0.06286963156  
0.1968926351  
0.2777735615  
-0.02200404349  
0.121897932  
0.2515926716  
0.2991882277  
-0.1863087574  
-0.3761503882  
0.212153645  
0.3065902179  
-0.2856748675  
0.05780719286  
0.1825506793  
0.279124923  
-0.1073505077  
0.1209891717  
0.4322248193  
0.2576481235  
0.5624764044  
0.1415766203  
