42.86877754  
14.22596913  
25.50956999  
81.13973374  
-14.60226276  
6.16530711  
14.16800928  
4.04844574  
11.00566355  
-52.63999522  
-19.27112914  
28.54979419  
9.915445082  
-53.10912574  
27.91888361  
41.40977447  
45.54552664  
-25.382589  
34.600565  
-25.72818917  
-21.46773315  
23.82392011  
11.47475847  
5.654339689  
3.146652985  
3.190042419  
-25.89952704  
7.766244155  
2.283836736  
-59.19734626  
-235.86777  
-23.26371982  
20.30424593  
-20.15661354  
32.96432965  
17.98310466  
-6.582797681  
-6.398373788  
-11.60448325  
-15.45661428  
-32.29712473  
-75.2875287  
-12.71129448  
4.560972021  
6.245219046  
