0.432408698  
-0.05624657871  
-0.1506082799  
-0.0408876111  
-0.07787516485  
0.1039529289  
0.5035682378  
0.0002215721705  
0.1633954933  
0.3143232749  
0.8542932989  
-0.02521778493  
0.9249673406  
-0.2565569685  
0.1812698176  
-0.1480204503  
-0.2034030309  
0.2370355894  
0.006398602779  
0.5075027672  
-0.335182262  
0.1159059856  
-0.6037910535  
-0.02838239568  
0.4641683655  
-0.3566911395  
0.1727035263  
-0.7129532902  
0.03771858251  
-0.4289336011  
0.08854688573  
-0.2833425772  
-0.546558224  
0.1505889598  
-0.2036666751  
-0.1772794095  
-0.1787078412  
0.1294537324  
0.1540872349  
0.06879700252  
-0.02342494202  
0.05337057972  
0.2172686895  
0.3809729118  
-0.46879697  
