40.04608149  
16.04690686  
-2.776374235  
35.32444344  
38.83019347  
17.59061672  
-17.77016483  
11.03375868  
13.17814875  
21.51895285  
49.99131218  
-25.06600963  
-1.441746582  
-11.63619784  
-18.67374655  
16.34007844  
14.26514162  
0.1257487157  
-24.21659357  
-24.24027915  
-3.950844882  
-7.338711316  
-6.816594433  
1.607245663  
31.61906096  
0.4813690175  
6.49693244  
20.73725423  
10.7309155  
-27.90870764  
-27.22771084  
-3.200441209  
-20.92261237  
-29.2766988  
26.95169029  
30.43452749  
-4.902522634  
-48.54288998  
-11.85227708  
44.68745648  
20.69286078  
-4.234149431  
14.95820455  
52.29318986  
4.786486967  
