-0.06847372884  
-0.1494983166  
-0.1348806716  
-0.1760920669  
-0.4995569965  
-0.1163139777  
-0.1067286386  
0.03198850841  
-0.1422175235  
-0.1491361671  
-0.06425889932  
-0.1601350537  
-0.07670582357  
-0.07608442495  
-0.04605043004  
0.2071371901  
-0.169350657  
-0.07770541306  
0.01773485581  
0.02269195603  
0.05447850044  
-0.08183321688  
-0.03035246748  
-0.1374490634  
-0.02797994597  
-0.1551271539  
-0.01746689462  
0.01728953031  
-0.08938961695  
0.0324010936  
-0.1139980731  
0.06717709719  
-0.1525845734  
0.03836061305  
-0.03393121244  
-0.1532476747  
-0.1161979204  
0.03813690036  
0.03437328464  
0.1427249777  
-0.1030606231  
-0.1344921947  
-0.06111874485  
0.03207114123  
-0.08796590659  
