0.1818903261  
-0.05363800193  
-0.04246980237  
-0.3658133127  
-0.1363304201  
-0.02845587181  
-0.07396415112  
-0.00489534501  
-0.143330457  
0.1638703176  
-0.06990259688  
-0.02152853761  
-0.1057235589  
0.07070330199  
-0.03665082715  
-0.0440264223  
-0.08964624039  
-0.0275524184  
-0.05520754257  
0.02989635179  
0.05761896976  
-0.005102705198  
-0.203770342  
-0.2671623411  
-0.05066743068  
0.09463639396  
0.1237208639  
-0.08491519158  
0.0468609154  
0.1028263051  
0.02351600878  
0.05691444261  
0.0702138444  
-0.1528301807  
-0.02850776823  
-0.0678757822  
0.09300250843  
0.3575160502  
0.003341825684  
-0.0215773131  
-0.08131734807  
-0.08206576507  
0.04248141763  
-0.1009297475  
-0.1676891335  
