-0.2555160155  
0.07285796554  
0.4903752881  
0.5495254149  
0.8674846158  
0.4221582603  
0.6585556576  
-1.191503601  
-0.5819176351  
0.6093222149  
-0.4799295053  
-0.1263808812  
-0.2127610031  
-0.7831258178  
0.3433923635  
-0.761591251  
-0.09400429243  
-0.1725777682  
0.00138806089  
-0.7818122759  
0.3630500558  
-0.3984462086  
-0.9338429416  
-0.4084224987  
0.1785819568  
-0.6954555021  
0.06927210117  
-0.04279152058  
-0.1498040307  
0.9741716138  
-0.05077054996  
0.0975962362  
-0.519699895  
0.1665705933  
0.1593798407  
-0.3257928137  
0.006554996122  
-0.2307137386  
0.2266020346  
0.186648123  
-0.275775701  
-0.1091360883  
0.01770091574  
0.960472417  
-0.2259978493  
