-0.1019699861  
-0.05352891248  
0.006418742023  
-0.3528363842  
0.008850839623  
-0.09937343448  
0.03301397154  
-0.01229805716  
-0.2189875282  
0.2735634894  
-0.1787957802  
-0.01297109893  
0.02538457943  
0.08923006748  
0.04586455036  
-0.06879250621  
-0.1360602504  
0.05629000789  
-0.05491961788  
-0.1203295987  
0.02500409575  
0.02289797187  
-0.3152336088  
-0.4742886748  
-0.1312347978  
0.1319402201  
-0.1580495123  
-0.07517210266  
0.07408513172  
-0.1292469268  
0.06694210562  
0.1656480927  
0.1730897961  
-0.07150124403  
0.1986842076  
0.09150600403  
0.1520802935  
0.1671578603  
-0.02623117673  
-0.02504486605  
-0.03025904067  
-0.09524424676  
0.0293036285  
-0.06175526445  
0.159193516  
