23.42490901  
12.32828426  
-5.629998275  
30.0896427  
32.21730028  
11.69381672  
-3.833131267  
9.812891402  
10.435503  
10.43491538  
31.81519299  
-18.51524338  
-3.787683876  
-2.181798751  
-21.22869851  
15.2786947  
12.40603615  
-0.2454722141  
-15.62472941  
-23.06738254  
-2.646648649  
-9.877453152  
-1.656678979  
0.343794935  
28.85018047  
-2.673371054  
5.65595706  
8.843155916  
9.554268532  
-18.7122742  
-32.00779648  
-6.408540241  
-12.28560296  
-15.24556216  
16.42922528  
27.22338498  
-3.504406615  
-27.74742561  
-10.02856465  
36.09499298  
17.09769034  
-14.47692634  
8.463633257  
45.7611786  
5.147574606  
