0.05783354388  
0.06575087357  
-0.002817879148  
-0.1101637312  
0.2195464291  
-0.02953094398  
-0.04313727359  
-0.07080170525  
-0.1221686788  
0.4410041662  
-0.2291320648  
0.2296073514  
0.1594237988  
0.3919696448  
0.4037749705  
-0.1501640015  
-0.1635658037  
0.236151074  
0.005051217961  
0.359094386  
0.2277969144  
0.3666887918  
0.08908698668  
0.7552716604  
-0.106880177  
0.2760604044  
0.1568418754  
0.1171165989  
0.2292940307  
0.1750438731  
0.150441322  
0.3204951023  
-0.5596574878  
0.5593058877  
-0.05773767867  
0.03116462136  
0.07350290075  
0.2108787621  
0.1113627754  
-0.1402067205  
0.0429351495  
-0.6011212729  
0.1894689629  
1.116556976  
0.3649501658  
