0.145242969  
-0.2136052509  
-0.08604383958  
-0.1696278382  
-0.1943162133  
-0.06969502114  
0.1486660127  
-0.06790787217  
0.04131277865  
0.1350654992  
0.06164876447  
0.002467113015  
0.08518259167  
-0.1598321877  
-0.01207490855  
0.04817787939  
-0.03222468341  
-0.08121117995  
0.03995914582  
-0.04422219797  
0.06972809166  
-0.1698172134  
-0.1715360442  
0.0001060830069  
-0.03867121167  
-0.1626442735  
0.03643998132  
0.1361225369  
0.06990042518  
0.1351989665  
-0.01126535891  
0.1695578793  
0.05713278259  
0.05362161138  
0.0218613723  
0.0284609633  
-0.04512445187  
0.02827085321  
0.08099888455  
-0.1424444257  
0.0991329722  
0.1122748332  
0.01289226045  
0.2570304652  
-0.05214063081  
