0.03252213977  
0.07204226471  
-0.04252922927  
0.1876758747  
-0.1852161757  
0.1695086097  
0.1374409011  
-0.121971728  
-0.02447710038  
0.162216847  
-0.003896250249  
0.006832631473  
-0.07244140834  
0.08700619112  
-0.006375259196  
-0.03496447594  
-0.06269222345  
0.1020630799  
0.04354980004  
0.05270559324  
0.159104496  
0.04053902505  
0.005496051994  
0.1113902774  
9.001202748e-05  
0.01426719208  
0.07700515424  
0.03682488665  
0.01436349824  
0.2005464224  
-0.01172249091  
0.07054279919  
-0.14456244  
0.03823517981  
0.07070482738  
-0.04389200383  
-0.01669838117  
0.1705488866  
0.04947628125  
0.09947800892  
-0.05643160841  
-0.0729962762  
0.07631460398  
0.07072018656  
-0.02810371576  
