0.07054370566  
-0.04571038698  
-0.03091014979  
0.07567834441  
-0.2624869922  
0.2026450226  
0.203713429  
-0.1315573212  
-0.0843053056  
0.2144084664  
0.006350798544  
-0.008869463271  
-0.1649504066  
0.06375959073  
0.004649601625  
-0.04233420226  
-0.1543746015  
0.0621407685  
0.04988957706  
0.08943810811  
0.1927436522  
-0.008005258601  
-0.04218688434  
0.1161765129  
-0.03181368094  
-0.006625552464  
0.09136660546  
0.01954772517  
-0.00113791778  
0.1794366251  
-0.01183760866  
0.04767011739  
-0.210645474  
0.06449657112  
0.0433371453  
-0.07402944086  
0.01820135303  
0.1582400459  
0.1291848363  
0.08194503662  
-0.0782281702  
-0.08377240549  
0.08437701974  
-0.06202998801  
-0.115645496  
