0.04553442103  
-0.1791683354  
-0.1326701317  
-0.1074350948  
-0.0132740956  
-0.006125505781  
-0.08564824393  
-0.1900396954  
0.00841418745  
0.2773096347  
0.08955182985  
-0.1124512544  
-0.1430756429  
-0.1518288965  
0.07102040699  
0.09547132038  
-0.1180206057  
0.0143001125  
-0.09064173262  
-0.0005184497457  
0.1320271588  
-0.201414943  
-0.01089606842  
0.06445039817  
0.1729691771  
0.3439583007  
-0.3256334208  
-0.1150100997  
0.08963578158  
-0.03125514132  
-0.02042959937  
-0.005686780225  
-0.1383474596  
0.04141078154  
0.179474769  
-0.04277007711  
0.3624067533  
-0.002754862617  
0.07938752388  
-0.05648825466  
-0.08391493291  
-0.05066264583  
0.0746176019  
-0.09957213445  
-0.3330258105  
