12.55604782  
48.74319273  
8.220383648  
55.4032178  
49.49270371  
38.431812  
4.124992578  
60.04700602  
1.214306347  
8.28127295  
137.0248526  
-76.23977436  
-9.3990582  
32.8296114  
13.08155305  
-16.16013444  
-25.77800963  
-35.34747355  
-28.18735356  
29.7787975  
71.22417802  
13.95505153  
-20.35963311  
-4.821067539  
-25.53695123  
1.387530767  
12.40282387  
15.19386083  
7.048548354  
52.20478904  
-72.14636935  
-17.71850642  
-1.379381088  
-16.92682641  
31.43837672  
-3.908641723  
-2.664584175  
-42.36377535  
-33.79918494  
54.5677688  
-11.69972758  
65.52254577  
34.88119597  
-8.698341831  
-50.70079064  
