0.2383413603  
-0.2127421007  
-0.009753201836  
-0.1780444756  
-0.1248212616  
0.03678259462  
0.2678416293  
0.04301600845  
0.1076744732  
0.1233129669  
0.4357206218  
-0.0339444363  
0.4031053365  
-0.2926030359  
0.1285997159  
-0.06233714372  
0.04596741124  
0.02347995005  
0.06500211365  
0.2486355376  
-0.2033187053  
0.05330309939  
-0.5156841028  
-0.09091704278  
0.2525777026  
-0.189531442  
0.1447697417  
-0.329469156  
0.2155428515  
-0.2245307512  
0.1167307834  
-0.06551235652  
-0.2490289692  
0.2382204933  
-0.03012981887  
-0.1436280191  
-0.1467671153  
0.08741015619  
0.1374804076  
-0.04436548689  
0.03119936567  
0.1875875926  
0.08314066977  
0.1406185092  
-0.156818881  
