0.1742881598  
-0.4515407309  
-0.1372468058  
0.01098294806  
-0.04257773985  
-0.007026599327  
0.09526258198  
-0.03243096048  
0.09224878968  
-0.01058047777  
0.08300765579  
-0.2358931607  
0.2510266685  
-0.3995999182  
-0.07562520685  
-0.2723818523  
0.3384137889  
0.3035712371  
-0.09527167995  
0.1399054383  
0.04623223857  
-0.06330929403  
0.01083330244  
-0.1858384685  
-0.1083555137  
0.0289402171  
0.3949740333  
0.3538076184  
-0.2758227635  
0.05716406848  
0.3051454574  
0.1212509386  
0.2158730387  
0.2378801349  
-0.03504119252  
-0.1977781287  
0.2527416534  
0.3465298968  
0.05612233224  
-0.08962869772  
-0.02512765922  
-0.189469919  
0.2502013582  
0.6040411857  
0.1978873545  
