-0.1707604242  
0.1007921907  
0.1058929464  
-0.09384922888  
0.146293642  
-0.0684433399  
-0.1160543275  
0.1267572749  
-0.04720456427  
0.1631902395  
-0.04988153006  
0.2572324181  
-0.1416760812  
0.3835869912  
0.08753409621  
0.4232409695  
-0.3616331762  
-0.1823023843  
0.006731513668  
-0.3126131697  
0.1760172527  
0.1118990787  
-0.05076939712  
0.3310225266  
-0.1683574072  
-0.1686228162  
-0.1866942535  
-0.3493468391  
0.2628850689  
0.08425268467  
-0.1614465668  
0.02046366243  
-0.2025098416  
-0.1553497381  
0.09618323501  
0.3070056462  
-0.07215908662  
-0.1167346359  
0.04238831412  
-0.1339724328  
-0.01800864052  
0.2051336566  
-0.1626322774  
-0.1378527986  
-0.1892785111  
