0.05371025281  
0.1631461069  
0.2192475644  
-0.1154289039  
-0.09458718833  
0.04436955137  
-0.1066611531  
-0.03691982699  
-0.05234730075  
0.4540758319  
0.02971322088  
0.0184419482  
-0.1672324171  
0.0985095754  
0.09426521639  
-0.01445981533  
0.08816972979  
0.002336403691  
-0.01559433874  
0.01987739378  
-0.01624555135  
-0.2554994951  
0.0746011961  
0.2417557336  
0.1151856282  
-0.003148338235  
0.1491307701  
-0.04127785947  
-0.1753298766  
0.1020638458  
0.02666082591  
0.02839396464  
0.0910678587  
0.1481591362  
-0.003623654364  
-0.06997139253  
0.1571240866  
-0.05729493672  
0.01154213648  
-0.06010612115  
-0.1012744118  
-0.03855622536  
0.008092786155  
0.1959975243  
-0.0323461844  
