0.1720887934  
-0.05285642234  
-0.1020728155  
-0.2190019363  
0.02861667845  
0.005741704661  
0.01140849211  
-0.06194791054  
-0.04515906983  
0.1775033022  
-0.01534535374  
0.07256747947  
0.1935128034  
-0.02848213672  
0.01846287207  
0.1117061007  
-0.03645374477  
0.04640148292  
-0.04600227088  
-0.03233320233  
0.1175239545  
0.00217885318  
-0.1665297182  
0.1014884662  
-0.004643420333  
0.03753726618  
-0.06282306912  
-0.0455419001  
-0.09734105848  
0.01547566942  
-0.0313795607  
-0.07368934733  
-0.02051331701  
-0.01163839918  
-0.08625001275  
0.04046686622  
0.03307229998  
-0.02847107929  
0.04209160579  
-0.04560972672  
0.004829426884  
-0.08551956227  
0.03198474733  
-0.05108709495  
-0.215054599  
