37.58068982  
18.8507199  
8.618110642  
92.4810777  
114.6415534  
-19.49234193  
12.99951916  
60.12893215  
14.46601146  
-2.319673061  
65.4759502  
11.52131522  
13.97337204  
0.6140592016  
2.075422645  
-44.34744039  
4.925222887  
22.64458819  
-8.334762401  
-30.86993178  
-27.54638886  
-39.8869288  
-63.11308417  
-37.86285243  
21.09374741  
58.92112953  
-3.430529883  
50.36585258  
31.91135753  
-14.28732168  
-119.7297925  
-43.53713467  
-144.7520526  
-125.5760968  
134.060225  
-22.38499663  
-11.96259443  
-147.4096359  
-60.80224662  
77.75718248  
26.52397346  
233.3642469  
37.7703768  
48.66459659  
-16.71397317  
