-0.061907524  
-0.1328807612  
-0.1615616732  
-0.03924705552  
0.124446284  
0.1190167406  
0.1765952676  
0.03234350023  
-0.06003282062  
0.2099943783  
0.02962169393  
0.05631606965  
0.02929883584  
0.06574850807  
0.135542602  
0.3336515067  
0.08097375481  
-0.539579741  
-0.0131902088  
-0.4113696009  
-0.10924695  
-0.05107672777  
-0.03044968919  
-0.1086045791  
0.02193348503  
-0.1189265386  
-0.03074211695  
-0.0470383917  
0.05241374852  
0.178906241  
0.1502085553  
0.0385980726  
-0.2106517361  
-0.2169292051  
0.1340755802  
0.1222970569  
0.1080675886  
0.1234350362  
-0.09700421819  
0.1172563217  
-0.0737375154  
0.2585864176  
0.1233364718  
0.6914699404  
0.2300986245  
