-0.01114717047  
-0.1957445738  
0.004442047328  
-0.183954783  
-0.1984780486  
0.009565803305  
0.08854941374  
0.01809363718  
-0.1199483578  
0.1911376085  
0.03166146582  
0.07554866795  
-0.0924080817  
0.01375014066  
-0.001440157943  
0.145609664  
0.05044102382  
0.2046726281  
-0.01968685031  
-0.00570870518  
-0.04204393622  
0.1658356912  
-0.002529593684  
-0.1743523177  
0.02711278515  
0.0377968215  
-0.08935441378  
-0.02071893081  
0.01658813643  
0.2233653576  
0.03393488607  
-0.08358423042  
0.02016449441  
-0.01689679759  
0.07031292574  
-0.02135121802  
-0.001750457805  
0.2015034791  
0.07886747053  
-0.1682343507  
-0.07773786991  
0.09471205681  
-0.09030105292  
0.1208114328  
0.02961008806  
