0.04349864721  
0.04845469916  
0.05004304996  
0.2663913983  
0.1755929535  
0.04363806997  
0.1192833464  
-0.1752016969  
0.05806220018  
0.2926813489  
0.05626167389  
0.1095023737  
-0.02596968233  
0.1357977436  
0.1872060613  
0.2654059226  
0.04536952155  
0.2135865016  
0.03510576977  
0.4180047417  
0.2860502165  
0.05685901684  
0.1639555027  
1.010503485  
-0.02618612609  
0.23936038  
0.2095506962  
0.04332162289  
0.172154807  
0.3613101392  
0.224814773  
0.06602238999  
-0.4273908383  
0.3759322106  
0.1375437629  
-0.1195375607  
0.07083728561  
0.1969465657  
0.1808050175  
-0.1899083801  
0.07257194734  
-0.084448226  
0.2069367779  
0.8395166813  
0.2550656458  
