49.19739399  
10.12324562  
26.08290884  
108.2799343  
-56.75013882  
54.27119961  
1.878115302  
51.91105974  
3.386802085  
-9.375093058  
141.5468374  
-27.33511458  
67.90616681  
-57.30931042  
39.37528162  
-19.34388613  
13.07313024  
77.41210798  
-47.15259098  
-55.81925611  
55.19651102  
-18.52586601  
18.92719183  
14.19291995  
38.30401494  
-10.15107882  
-89.58474854  
25.34640049  
-13.34200637  
31.99169865  
-45.010443  
5.231035151  
-26.55698676  
40.55691608  
115.4431194  
-8.806607615  
-41.06341459  
-30.67241695  
-29.16024722  
31.03673224  
17.25688843  
10.69344672  
-40.29551401  
-46.22516884  
-31.95803897  
