-0.06289681749  
-0.2503527964  
0.04190128544  
-0.2823764745  
-0.08446996832  
-0.0004294113023  
-0.03411803402  
0.4041494306  
0.1087999906  
0.1232540503  
-0.1820252469  
0.0864654913  
-0.1057248026  
0.02910652666  
-0.02572391383  
0.2953173544  
0.03202542197  
-0.09361576902  
-0.05684074193  
-0.2946425362  
0.02921194956  
0.2942306199  
0.0337450503  
-0.06117239132  
-0.01083932741  
0.1897565558  
-0.09525335107  
0.142574322  
0.2764007063  
-0.03341798432  
-0.0429093906  
0.103413818  
-0.1575475528  
-0.2625492038  
0.07974664559  
0.1903547573  
-0.2071303999  
-0.1740982067  
0.05878418317  
-0.1036117932  
0.02391282622  
0.03259830017  
-0.1047948958  
0.05176470452  
-0.1336183735  
