0.2682219227  
0.2892730943  
-0.04529226106  
0.19871797  
0.2476426361  
0.2522696504  
0.1509070707  
-0.189264361  
0.1210630375  
0.5150397879  
-0.03142355765  
0.09336240489  
-0.06247755328  
0.1900828944  
0.006807261987  
-0.3926995525  
-0.1883118019  
-0.06722712395  
-0.06191704853  
0.03846160892  
0.248622107  
-0.1213952106  
-0.1621515216  
0.2685437727  
-0.0553206855  
0.2731821723  
0.296037672  
0.09834563603  
0.0005731405335  
-0.1052913648  
0.08838856624  
0.2393852366  
0.05003533033  
-0.1954832385  
0.05378467197  
0.06011286939  
0.2989446462  
0.3094037929  
0.02995252827  
0.1013656871  
-0.00645125734  
-0.1627929406  
0.2714575626  
-0.3668184933  
-0.1724019016  
