-4.309145583  
22.37512909  
12.34186132  
27.47056762  
-0.09996730474  
14.58170618  
-9.814142113  
26.69800763  
23.96840586  
29.26534735  
22.91018348  
-18.04575087  
-16.06441893  
27.70586806  
0.6694824657  
21.35137843  
5.73682282  
-19.68292658  
5.415644363  
-6.831122951  
-8.790335777  
-23.02917792  
12.44967108  
-10.42815435  
-5.111174216  
-3.207292457  
-6.308184281  
26.04335596  
7.707662409  
-15.10744813  
-56.40307213  
-3.960427447  
-10.09755179  
22.96835382  
22.56252904  
-17.01091124  
10.47601498  
-2.83821723  
-35.75502886  
26.31090028  
-11.94181916  
-46.82010239  
9.825965681  
-16.24123316  
18.13948473  
