0.07410705723  
-0.008936493676  
-0.3203873579  
0.06383681762  
0.1066595321  
0.1103198925  
-0.1363522065  
-0.007075285067  
-0.03378692655  
0.1220284127  
0.08736032299  
-0.08632825728  
0.02950502635  
-0.03935822388  
-0.1961338853  
0.2053301328  
-0.008817938811  
-0.2299635451  
-0.06686514961  
-0.1190692455  
-0.1389998759  
-0.508140956  
-0.008339301249  
-0.1022215986  
0.135798471  
-0.01783747437  
0.0007104588503  
0.007746387594  
0.1181309441  
0.208029529  
0.1056284521  
0.08853025842  
-0.01649093489  
-0.2314736862  
-0.006231654551  
0.08167684861  
0.02720311032  
0.2654186156  
-0.02783232428  
-0.2320681404  
-0.0275236419  
0.1324802196  
0.1776305879  
0.07986691959  
-0.2145789289  
