-0.09794154864  
-0.03155886969  
-0.07771491374  
-0.02767311114  
-0.295067555  
0.0189594609  
-0.1213785955  
0.08603358188  
-0.007877774957  
0.1761395109  
-0.110159448  
-0.1883335624  
-0.1372742769  
-0.06946352796  
-0.05327475313  
-0.2151544378  
0.00892836099  
-0.1744760199  
0.02664819291  
-0.04710691647  
0.0165277426  
0.1153372992  
0.0118187315  
-0.1054888901  
0.01182854593  
-0.1603403381  
-0.08044889399  
-0.02556202572  
0.0325483885  
0.009224763725  
-0.09371816932  
-0.02523655541  
-0.05244353452  
-0.09126367928  
0.002426587394  
-0.08439766677  
0.1414684116  
0.1747675253  
0.09591613797  
0.001093619986  
-0.06927696998  
-0.006442859281  
0.08737167935  
0.01308859131  
-0.07022987895  
