0.2261629139  
0.05826297467  
0.03255908444  
-0.2825125564  
-0.05094562632  
-0.0321412324  
-0.04501311469  
0.006963960646  
0.0157439966  
0.1884213401  
0.1362259395  
-0.01053714776  
0.2175061595  
-0.08974654591  
0.05379016436  
-0.05632522558  
0.03114034794  
-0.02191612076  
0.08862003343  
0.2012621011  
-0.1585045926  
0.252125276  
-0.09630264863  
-0.04316498354  
-0.06312845852  
-0.1679149938  
0.1421461869  
-0.2416262271  
0.07513802511  
-0.3029024395  
0.09036512342  
-0.2137311513  
-0.06763029759  
0.1279072613  
-0.09290090173  
-0.033314396  
-0.01142065467  
-0.06744306473  
0.1560227317  
0.0464841737  
0.005745106326  
0.1091080218  
-0.02464490913  
-0.6338197454  
-0.03769593902  
