0.1881380172  
0.2474913193  
0.06957916134  
-0.2691546219  
0.1394091476  
0.0361235153  
0.1028042138  
0.1562721839  
0.09874911626  
0.07617734906  
0.04391102001  
0.09174437887  
-0.1328157256  
0.0852378391  
-0.01817338018  
-0.408782975  
0.1379977117  
0.07604151938  
0.0545937303  
-0.3434021816  
0.359452029  
0.2332263219  
0.2282865619  
0.5462722804  
0.02139912555  
-0.2188545003  
-0.1343937077  
0.1054302827  
0.2179014699  
0.1082545196  
0.06234794255  
-0.1132837454  
0.07677690487  
-0.08978369606  
0.06756110104  
-0.08662853499  
0.01502449495  
-0.01937281745  
0.1240441214  
-0.115605344  
-0.04249357585  
0.1137607737  
0.0963470517  
0.8069582822  
0.2114913413  
