30.62772558  
-0.6762074122  
-4.249827627  
11.48088777  
21.62754063  
10.67800431  
6.886875987  
21.311264  
6.452538106  
7.180995856  
32.96062429  
-30.79448819  
6.018567676  
17.09898674  
-3.275963005  
-25.99303852  
-3.591937514  
-4.756617554  
1.856051643  
-4.433801942  
16.04199  
6.737566604  
-7.832929372  
1.195492046  
-13.39306496  
1.783075621  
-11.61330793  
6.460665191  
5.871530754  
6.946650532  
-47.40032987  
-27.01657967  
-14.41121249  
-13.02437645  
-4.736799668  
-10.61089385  
1.260597164  
1.666673945  
-27.88005866  
15.99424479  
-1.898092968  
27.38863034  
14.32179067  
-4.615977414  
-15.52011163  
