35.86549291  
14.06830982  
5.637395412  
20.70648466  
32.67423182  
35.81063245  
-20.16284573  
-20.04769805  
7.602054463  
1.691080827  
5.664104096  
-6.987786705  
6.264976587  
8.461216118  
-13.40667126  
9.549577504  
6.703870515  
3.567588862  
-5.461695737  
-23.81008847  
28.94254077  
-20.4712202  
17.52577136  
0.1434448685  
32.34965232  
10.53489554  
22.78692561  
26.52690411  
10.52209931  
-0.9092124899  
-10.49251172  
-5.20011631  
12.66028612  
14.40645854  
28.18380429  
11.89443707  
2.98959745  
2.010162537  
-12.22816136  
24.69874155  
17.90197689  
-18.02097291  
8.605690455  
74.96470894  
-2.878970015  
