-0.04474023851  
-0.1088759051  
0.113566152  
0.135366928  
0.1006313828  
-0.05035025503  
0.2759224943  
-0.2877147868  
0.02658678961  
0.2646011613  
0.005525295946  
-0.02287259663  
0.01992790154  
-0.3937766216  
0.04269702219  
-0.2663742107  
0.2430452707  
-0.1574519143  
-0.03039216849  
-0.2481873903  
0.08026243455  
0.04260570558  
-0.1321809586  
0.03781824825  
0.1655096293  
-0.3607856677  
0.3654269319  
-0.02115090783  
-0.04233641276  
0.1338498831  
0.004645024824  
0.08648403884  
-0.06451338992  
-0.1207510717  
0.007823279043  
0.09719615206  
-0.2220918471  
-0.1394312035  
-0.0244473564  
-0.3204178736  
0.02108912168  
-0.3317526231  
-0.1615252774  
0.006752824261  
0.1157246204  
