0.1316188558  
0.1172254054  
-0.0170584856  
1.026413433  
0.1194191958  
0.6812152381  
0.9819971924  
-0.3888092325  
0.08048215172  
0.2576566247  
0.3757308919  
0.3631089643  
-0.0008533820251  
0.05787800253  
0.1677227311  
0.3291672078  
0.2279247371  
0.642363075  
0.2616920416  
0.04716236314  
0.155846768  
0.1246941735  
0.3627922616  
0.9120520353  
0.2035535066  
0.04857346067  
-0.06964240619  
0.167881162  
0.107483539  
0.5529109236  
0.1745811731  
-0.2724966891  
-0.4357818916  
0.5622369721  
0.265074998  
0.1392574492  
-0.2791243281  
-0.335271416  
0.2341495106  
0.07661854997  
0.008615487255  
0.1998399201  
0.1034358293  
0.2779931407  
0.07174094362  
