0.08196399929  
-0.1369366395  
0.160987827  
0.008521901864  
-0.2581282015  
-0.1741554197  
-0.110560125  
0.03471631807  
0.006170945452  
-0.05543019265  
-0.08253139165  
0.04640248956  
-0.07902950895  
0.154126305  
-0.2311528725  
-0.1461839917  
-0.03618070938  
0.05929378413  
0.007891338252  
0.161967527  
-0.08841184394  
0.1152837385  
0.122741479  
0.2862471635  
-0.2410763934  
-0.162592571  
0.069108548  
-0.1150540785  
0.06689485169  
0.009256304685  
0.1543592931  
-0.01821056686  
0.1098391867  
-0.213478533  
0.01236042639  
0.0355213787  
-0.007226524431  
-0.006361811805  
0.1004458095  
-0.01674617355  
-0.01104313674  
-0.05139085329  
-0.01591595049  
-0.3639599082  
-0.01300794309  
