-0.01782890546  
0.09057132941  
-0.2223903231  
1.104779889  
0.05014263874  
0.8454271542  
0.9790198951  
-0.5052438223  
0.06470847032  
0.2955328432  
0.3753448827  
0.3314347923  
0.002242369078  
0.05356785674  
0.1053629873  
0.5179600457  
0.1150223495  
0.662508768  
0.2374434363  
0.1957723066  
0.1160511583  
0.128280167  
0.3363607514  
0.9351332905  
0.1807971377  
0.129810469  
0.06554191677  
0.04148427693  
0.1026135936  
0.7547539436  
0.1948391565  
-0.2907537382  
-0.4705025231  
0.545297541  
0.2548244133  
0.1390655047  
-0.2198606886  
-0.1660538032  
0.1170144587  
0.03141861445  
-0.07057461433  
0.1833943287  
0.09296977161  
0.5112464309  
0.02788356413  
