-2.661629385  
5.179558106  
9.048818109  
56.02280021  
25.37190027  
62.4416317  
-5.647034469  
-14.21486603  
-2.001086984  
-23.24004358  
13.87022649  
-1.835705224  
7.719345214  
4.222123572  
10.80012427  
7.609801395  
7.848844945  
12.90222838  
-0.8122814691  
-50.00427158  
32.51503648  
-39.4792426  
20.12386325  
-11.71781562  
60.78098617  
10.27970818  
20.82806643  
13.4630688  
25.2060296  
16.77920646  
-29.49749039  
0.2129239483  
20.36413971  
-4.360711438  
21.85717692  
9.253214262  
-9.111157283  
-25.97149094  
-24.58394797  
26.77983403  
26.72180929  
-19.56359944  
26.63195259  
97.79073493  
-2.126506986  
