0.1243517413  
0.2115581735  
0.1293181529  
0.2522161667  
0.2272942332  
0.3125100109  
0.3090326769  
-0.1530718304  
0.09324100482  
0.4163260182  
0.08152246071  
0.1956556703  
-0.04766622139  
0.1583085712  
0.03469804128  
-0.1791797213  
0.05855074021  
0.144552504  
0.03171557297  
0.05337450149  
0.1323106416  
0.09468620391  
-0.01005180311  
0.3253214272  
0.004765400715  
0.1463389065  
0.1461353374  
0.0986278444  
0.06100137362  
0.1052932513  
0.107772155  
0.02394789214  
0.01278610709  
-0.003706195974  
0.09624070131  
0.07340239412  
0.1730886246  
0.1375095737  
0.1045295344  
-0.0289282008  
0.02678240744  
0.02746657466  
0.1374760792  
-0.1724493712  
-0.003114088684  
