-0.1090798924  
-0.697413395  
-0.3607644722  
0.7892944512  
0.3674408841  
0.2466934041  
0.3696463428  
-0.9751837694  
-0.5258378296  
0.5072480125  
0.3921945891  
-0.3236157308  
0.09143139212  
-0.5453836916  
0.1133958536  
-0.243299034  
0.5613389191  
0.2479384055  
-0.1837995944  
-0.01013676942  
0.1611446363  
-0.3971998463  
0.005516465171  
-0.3152016876  
-0.7526659081  
-0.1319303508  
0.259679014  
-0.2520639417  
-0.6490106201  
0.8123273981  
0.3954447982  
0.2708340986  
0.1427382894  
0.261624244  
0.003094544401  
-0.482260895  
0.48731406  
0.7906419116  
0.4567841233  
0.4088180181  
-0.2566500131  
-0.03182629143  
0.6217210059  
3.057139106  
0.3761936072  
