8.194980813  
26.9866208  
-19.17412884  
-19.1691437  
-35.22352653  
30.89811873  
-11.16526228  
17.79051302  
21.1227113  
18.00024518  
25.27235009  
12.86938406  
21.89948366  
3.350801696  
25.70712849  
5.852411893  
18.41973396  
-32.36295228  
6.680398556  
-17.66176023  
0.2284494831  
-25.99833868  
-28.58457148  
-2.624897685  
4.330401894  
-12.83762102  
13.667533  
12.69276236  
21.5464122  
-44.38650627  
-156.6422207  
-30.32167035  
2.932934705  
45.12428688  
32.87474531  
10.30267902  
6.683396016  
-8.343356686  
-33.60377056  
1.920131296  
-16.187903  
-46.51758463  
18.04411996  
-35.13531739  
6.933764885  
