0.1840696696  
-0.05161412867  
-0.05401768646  
-0.4072248074  
-0.1205069619  
-0.05952704761  
-0.06995947166  
0.01827049398  
-0.1080533634  
0.1648410163  
-0.08169587521  
-0.01337671344  
-0.08025096713  
0.08150467077  
-0.01497180522  
-0.08955114268  
-0.04556076436  
0.01548681276  
-0.030443569  
-0.04064312441  
0.05876840375  
-0.01855009845  
-0.1877749344  
-0.2242581892  
-0.06081827884  
0.09556562931  
0.02029895046  
-0.05292195715  
0.05469512533  
0.07226971965  
-0.01028032933  
0.08653514875  
0.08168701426  
-0.1740709237  
0.0104954911  
-0.06775166482  
0.08421968617  
0.3582253409  
0.03997390314  
0.01260614188  
-0.07262405977  
-0.06655541043  
0.06205722093  
-0.1062620813  
-0.09450230299  
