0.2373435157  
0.0378516529  
0.0694748137  
-0.2785861695  
-0.05453938625  
0.005872396827  
-0.05691317328  
0.01620280149  
0.01928690757  
0.2017624789  
0.1523057958  
-0.03281635449  
0.2489083222  
-0.1067489875  
0.05199992062  
-0.09050356275  
0.04122281188  
0.01466213006  
0.07274222722  
0.2162708924  
-0.1791136655  
0.2543187852  
-0.1112503719  
0.03149869603  
-0.05124119216  
-0.1891142302  
0.1446748202  
-0.2325278055  
0.08832220079  
-0.3004866527  
0.09790746994  
-0.1750249017  
-0.07161951657  
0.1652553811  
-0.08629100316  
-0.03941603156  
-0.0005204100665  
-0.06160654124  
0.1529699178  
0.009472616457  
-0.007137564834  
0.1107655108  
-0.02930314824  
-0.6245738415  
-0.01810710575  
