0.08531363843  
-0.04324064371  
0.08675468118  
-0.3704110456  
0.05860683258  
-0.08418993927  
-0.07790878765  
-0.06618932846  
-0.03112241533  
0.02143353989  
-0.2562692781  
0.07303998762  
-0.05922304217  
0.02507103179  
0.1436614435  
-0.05678955989  
-0.035576977  
-0.06609082197  
0.05203046791  
-0.03423259854  
0.1427709902  
-0.02416249868  
-0.1033033226  
0.03619370569  
-0.2111417035  
0.1684648669  
-0.01326727782  
0.04179562995  
0.04091285458  
0.01519538029  
0.1019965377  
0.07547571287  
0.02600226549  
0.132255683  
0.01571141712  
-0.04025791944  
-0.1426088388  
-0.05146986025  
0.09762157351  
0.01545715695  
0.0692544372  
0.008786315338  
-0.03132122477  
-0.2031550512  
-0.167435342  
