0.005001385142  
0.2517930574  
0.0512809432  
-0.2815524906  
0.1577160539  
-0.0258028673  
-0.2080224402  
-0.03861877573  
-0.1436960716  
0.04462713916  
-0.03284750563  
0.1538305644  
0.03333860541  
0.221093936  
-0.01967686447  
0.246480548  
-0.03597377025  
0.03999623598  
-0.1562502257  
-0.02871704903  
-0.139479213  
0.05521732788  
-0.04323571514  
0.1609121057  
-0.02603611716  
0.08040035108  
-0.08733354224  
-0.123943316  
0.07223974526  
0.1297272171  
-0.089362819  
0.08803111928  
-0.1530669393  
-0.2042538495  
0.006735199411  
0.3246525735  
-0.06490699411  
0.1030241555  
0.03849045983  
-0.1106977964  
0.008127655214  
0.09642234672  
-0.08770345921  
-0.4870556667  
-0.05418724391  
