0.2118167447  
0.06947434322  
0.003896766547  
-0.4570622347  
0.06628754709  
-0.1043192407  
-0.0180284305  
-0.08062552252  
-0.04481289664  
0.1930422842  
0.1870474651  
0.006773753085  
0.2151956286  
0.04850259102  
0.03763901197  
-0.1250317659  
-0.1376965632  
0.05731649923  
0.04721470365  
0.2259971475  
-0.05033251685  
0.0465887397  
-0.01951338162  
0.226400343  
-0.2078006793  
-0.1852084843  
0.09357457694  
-0.06472315886  
-0.06959797881  
-0.2118271766  
0.04692677937  
0.08165695219  
-0.02698854886  
0.191979908  
-0.1185491628  
-0.02541398161  
-0.1343267614  
-0.07851522887  
0.196526188  
0.01438174875  
0.06850156106  
-0.01979256611  
-0.0190801036  
-0.4576958441  
-0.1083052597  
