0.2101133825  
0.07711513871  
-0.0320363228  
-0.4502767309  
0.06573049976  
-0.1216821515  
-0.007000585147  
-0.06897212912  
-0.05004572823  
0.1786881938  
0.1251738786  
-0.004909401459  
0.2132362007  
0.05295607379  
0.04605123453  
-0.06664275555  
-0.1456196703  
0.06253297152  
0.05386642933  
0.2166556408  
-0.05722912225  
0.04301515889  
-0.01181548903  
0.1604133624  
-0.2161125055  
-0.158926459  
0.07272506487  
-0.07105756901  
-0.06736159488  
-0.1804537721  
0.004044088685  
0.05887086306  
-0.03332170309  
0.1870592897  
-0.111278008  
0.009138653175  
-0.1294935596  
-0.07882020628  
0.2127230934  
0.01520761223  
0.07783681441  
-0.0206689405  
-0.01153634809  
-0.4305771551  
-0.07415038433  
