-0.1196279897  
-0.02168504511  
0.01607208941  
-0.6077189784  
-0.05966851429  
-0.1097801556  
-0.06892504127  
0.0660473195  
-0.1017146662  
0.1251869422  
-0.07980375363  
0.05493287625  
-0.1069511843  
0.1298694715  
-0.09013844479  
0.02446737608  
0.05881085942  
0.1041348654  
-0.1334743511  
0.09492510461  
-0.03283286614  
-0.02497400099  
-0.01846398119  
-0.1158309118  
-0.06118312507  
-0.1203623653  
-0.01559793632  
0.01537973786  
0.02810208814  
-0.02154805206  
0.05964117976  
-0.01676754633  
-0.08580840359  
-0.1928289218  
-0.09317189318  
0.02370917044  
-0.1531087067  
0.1081112307  
0.0414856049  
-0.1116300105  
-0.002848179765  
0.08188174172  
-0.01986997356  
-0.03514153003  
-0.206629503  
