-0.02213950873  
-0.1004363042  
-0.05998460213  
-0.2314374496  
-0.3726045023  
-0.1041256187  
-0.1011223076  
0.04388154029  
-0.09255794755  
-0.1848279424  
-0.06011778555  
-0.0966026617  
-0.05602604282  
-0.02402637005  
-0.04792529705  
0.1442996282  
-0.08713013087  
-0.07565725741  
0.02116510295  
-0.001929205264  
0.0515554238  
-0.05099637274  
-0.01023509438  
-0.07917181014  
-0.0272354142  
-0.133840482  
-0.02470230324  
0.05391804156  
-0.106442374  
0.01453752632  
-0.08067370432  
0.05859314389  
-0.1238953885  
0.02334225146  
-0.06278623406  
-0.1338141282  
-0.08423066433  
0.03167404731  
0.0235567232  
0.1149445444  
-0.1200301582  
-0.1677289424  
-0.05821283367  
0.1173538603  
-0.0520071594  
