-0.04797885251  
0.0901688819  
-0.2213682542  
-0.3204107131  
0.06655785803  
-0.2031466486  
-0.1181385427  
0.08821605211  
0.1450165149  
0.1212499273  
0.2063008995  
0.1973719127  
-0.1454273156  
-0.05209747973  
-0.02834390897  
-0.03020513512  
0.0895969377  
0.08902636694  
-0.09660519901  
-0.1190815292  
-0.04248150415  
-0.02476839097  
0.007360145997  
0.3193726083  
-0.08273581833  
-0.03705860009  
-0.16012522  
-0.02580753047  
-0.06726270654  
-0.2074832885  
0.08465795677  
-0.04896098974  
-0.1461359066  
-0.2692888667  
-0.08105944685  
0.05795827014  
0.04981351757  
0.1257185831  
-0.03833777141  
-0.2278810937  
-0.002232844943  
0.001350770827  
0.05871507391  
-0.2549242427  
-0.01375686146  
