0.1334659412  
-0.03196975929  
-0.01852043321  
-0.347287173  
-0.08328516765  
-0.03332847305  
-0.04689058559  
-3.399265032e-05  
-0.04799517198  
0.1473298775  
-0.08230598922  
-0.03214434978  
0.03655576317  
0.07533063866  
-0.0185670757  
-0.1042880635  
0.01918042099  
0.0126155555  
-0.003000657191  
-0.09119107315  
0.0341257864  
-0.02081349988  
-0.1229576107  
-0.1191520866  
-0.03821657611  
0.1229873131  
-0.0004758286689  
-0.01783621275  
0.04944543592  
0.04032667382  
-0.0006469012993  
0.04569007925  
0.07986937475  
-0.1670771402  
0.0337627452  
-0.0485026511  
0.07049844887  
0.2495933391  
0.05685689144  
0.01847598512  
-0.07883873668  
-0.04848868118  
0.04886545164  
-0.06500989817  
-0.08339685543  
