0.2390089142  
0.2737992149  
-0.01262686819  
-0.3742661008  
0.1469511283  
-0.07534230216  
-0.3413079431  
0.03857522347  
-0.1470610431  
0.08399048219  
-0.09154631279  
0.04773031485  
0.05955982708  
0.05599359963  
-0.007531778286  
-0.07134998067  
0.01868443085  
-0.02446029804  
0.1185817143  
0.1605700938  
-0.03997001877  
0.4892937301  
0.3244770852  
-0.09661319927  
-0.3188645102  
-0.1469747342  
0.1213555338  
-0.1664590456  
-0.03138565158  
-0.5190076013  
0.04186363206  
-0.3268608907  
-0.004863911218  
0.09163705444  
-0.1205808376  
0.03783318521  
0.08420757312  
-0.2112529783  
0.1541327878  
0.1739927091  
-0.001087885196  
0.01404164816  
-0.0654098479  
-1.410759551  
0.1110777328  
