-0.09102969378  
0.1139885088  
0.08348949047  
0.4477359543  
0.05278986748  
0.4485654398  
0.4797889591  
-0.1712073596  
0.05128778961  
0.1616546326  
0.2010397572  
0.2408668921  
-0.1145729789  
0.08501803602  
0.06665628752  
0.1499991304  
0.2200119109  
0.3955907766  
0.1260750556  
0.09454509979  
-0.01951589436  
0.2898159434  
0.1564571146  
0.3952917347  
0.0531207176  
0.1318696306  
0.006785952648  
0.03530386624  
0.07672286211  
0.4319312821  
0.1332382599  
-0.2141190006  
-0.0822786314  
0.1847006786  
0.1706411623  
0.09618057938  
0.04704475486  
0.0346256679  
0.1093825567  
-0.212047599  
0.01626852337  
0.2185668995  
0.05588417471  
0.1885405404  
0.1673213131  
