19.08382144  
9.686893738  
3.087461747  
46.10210207  
-49.51063525  
26.7698385  
21.65617338  
26.70583449  
-11.344054  
-0.1878608074  
53.91159582  
-15.47210729  
29.92166657  
-18.52261809  
24.50173507  
-8.115766453  
10.50609392  
60.63671654  
-21.30297066  
-29.29968653  
37.63327833  
-9.784034539  
2.37194255  
3.725504504  
12.97970399  
-3.043754928  
-42.94646848  
-23.98403934  
-9.902895823  
26.91353763  
-13.56748317  
-4.481931774  
14.53087763  
14.93875768  
76.77663456  
12.53528517  
-36.30073263  
-19.47660651  
-15.41805229  
28.4947599  
26.57022931  
1.821472719  
-20.01662578  
-13.77256289  
-12.49343827  
