0.2106679538  
0.5487672442  
-0.3163708768  
0.7601433685  
0.1442246064  
0.2964358403  
0.0003168483132  
-0.200518007  
0.2963136038  
0.533201843  
-0.195077265  
-0.1162661498  
0.06383780849  
0.1598260371  
0.01771424492  
-0.4268693067  
-0.1218066507  
-0.2519161206  
0.01205081545  
0.03578325578  
0.3038873509  
0.1281196639  
-0.02934954874  
0.49095199  
0.1469244128  
0.1445078495  
0.117429906  
-0.06295694624  
0.1431283725  
-0.1174025386  
-0.001824979005  
0.1546834785  
-0.05173695011  
-0.08340055628  
0.2247199678  
0.1655460751  
0.1626552188  
0.1508458893  
-0.01204007856  
0.2993838905  
0.09992316733  
0.03866074652  
0.4301825887  
-0.2142819865  
-0.3116568588  
