0.2861197842  
0.1875861954  
-0.04788416725  
-0.3049207143  
-0.06322750549  
-0.0137421434  
0.01003015347  
-0.002756055652  
0.004619524084  
0.2728811312  
0.6033212189  
-0.1249777476  
0.5503784557  
-0.08563131449  
-0.03832954591  
-0.1176106882  
-0.06854193573  
0.1432137673  
0.06878340906  
0.4949835513  
-0.3628704022  
0.3223938919  
0.03250207245  
0.2416031499  
-0.02582686618  
-0.5342291386  
0.2435009749  
-0.3870601336  
-0.0184147843  
-0.5336078435  
0.0428377113  
-0.2729814575  
-0.1462112104  
0.252867446  
-0.2185754236  
-0.03377232446  
-0.0427499489  
-0.1007975994  
0.2379895135  
0.01545303421  
-0.01433160077  
0.0821866295  
-0.02794966039  
-0.879114643  
0.05172032188  
