0.2410622681  
-0.1441354298  
-0.01152196701  
-0.1207801807  
-0.1108078045  
0.02138705477  
0.2598609446  
-0.01541908563  
0.1370917377  
0.1251247059  
0.3609488215  
0.009319483423  
0.3834401254  
-0.2738357594  
0.1657168266  
-0.02625256416  
0.04137975337  
-0.0006985356505  
0.08383957697  
0.2201042724  
-0.1681555937  
0.02458546356  
-0.4825561931  
-0.1426013079  
0.2042255307  
-0.1928702621  
0.1630324592  
-0.3306645722  
0.1762440665  
-0.1707413528  
0.1388666123  
-0.1031407964  
-0.2567564039  
0.1657782172  
-0.04299674062  
-0.1509202584  
-0.1119149145  
0.07749473171  
0.1337033785  
-0.002060825426  
0.01849597712  
0.2041743978  
0.06705839624  
0.1431200606  
-0.1983163257  
