43.85211945  
14.78970402  
24.06638805  
82.50547136  
-17.32748315  
-3.372983878  
14.5187258  
8.482736385  
5.356361706  
-53.48438372  
-13.53932008  
20.83522064  
3.612623547  
-55.09636069  
25.12476701  
44.83307922  
48.25773929  
-21.51177379  
37.41606419  
-29.01831556  
-43.64017081  
20.10579902  
16.72953715  
8.560222702  
-0.08208261954  
7.565289433  
-28.5761514  
5.980752041  
6.487429002  
-51.38333498  
-192.2024716  
-24.96831893  
17.85985551  
-14.28514165  
31.09095044  
24.97291442  
-11.94039178  
-5.978306854  
-12.85719799  
-17.19493711  
-31.52287893  
-84.51314434  
-12.97665953  
-1.224159002  
13.39997236  
