-0.01813322193  
0.09673518814  
-0.0980973999  
-0.1566278862  
0.07657223961  
-0.09287426022  
0.02898484332  
-0.07757958952  
-0.06511604079  
0.01904240184  
-0.01780959099  
0.0007524680527  
-0.03555092417  
0.141816348  
-0.01944643711  
0.2995722773  
-0.1665995562  
0.087598905  
-0.03452175748  
0.01474548339  
0.09164998662  
-0.2040665041  
0.1104450455  
0.1692609611  
-0.1323414942  
-0.009826283391  
-0.06433446838  
0.165943944  
-0.1372354836  
0.1327670834  
-0.08632103722  
0.2619054622  
0.04469015921  
0.05397170868  
-0.02193091299  
0.05406808748  
-0.08804133941  
-0.005006233786  
0.05476951951  
-0.03708397388  
0.07892448156  
-0.129776962  
0.001321023  
0.2032425896  
-0.0529767264  
