-0.1154643159  
0.003202705734  
0.007825868835  
0.1177738313  
0.5359954743  
0.05451960453  
0.3511527807  
-0.6006859219  
-0.07428245655  
0.563232645  
-0.02957743346  
-0.07402720544  
0.09282933206  
-0.5014460304  
0.324385683  
-0.5886429605  
0.2778649705  
-0.1491769682  
-0.1065078311  
-0.5221022711  
0.1118845837  
-0.1281856442  
-0.2248058907  
0.07812525473  
0.4031425537  
-0.4996995254  
0.5889998025  
0.01954630919  
-0.05989700572  
0.390128985  
-0.07347629631  
0.2979468161  
-0.2065001769  
-0.1090010439  
-0.0106776418  
0.147296684  
-0.3526147677  
-0.1148121278  
-0.03599873268  
-0.272254071  
0.02341274335  
-0.344654979  
-0.1248900789  
0.1874788317  
0.05348638673  
