-0.1266811324  
0.03015067554  
0.1159955731  
-0.2293887303  
-0.1607570689  
-0.07175032746  
0.1281571147  
0.1965804123  
0.03669285784  
0.09166660612  
-0.05411870652  
0.0072924192  
-0.1802996358  
0.02650688316  
-0.114944421  
-0.6959254803  
-0.02937343434  
-0.05359718528  
0.02485719534  
-0.3725571726  
0.2191356563  
0.1146917776  
0.07214500578  
-0.03432757551  
-0.114820934  
-0.00774961221  
-0.09415675413  
-0.0106385687  
0.05398527347  
0.07469110585  
-0.006252584991  
0.07426647232  
0.2577525635  
-0.3224012297  
0.1449519334  
-0.02675116206  
0.07799845793  
0.003405684107  
0.2358119673  
0.08728860861  
-0.1796764097  
0.1507290339  
0.001247363229  
-0.313027793  
-0.03858515884  
