0.3707501324  
0.6599249113  
-0.3500383203  
0.3890194419  
0.3513366262  
0.4105524151  
0.05894392983  
-0.2123196335  
0.3352519144  
0.6952735778  
-0.2161684175  
-0.1048968809  
-0.0827070242  
0.1461401411  
0.01905538725  
-0.6574253298  
-0.1189874367  
-0.3385583733  
0.01145200706  
0.1258370084  
0.4071060846  
-0.003521377561  
-0.1255058386  
0.5509589778  
0.04043633345  
0.1182524075  
0.02605916964  
0.07372634912  
0.1605475315  
-0.09383334163  
-0.0002336978185  
0.3088041991  
-0.003736584538  
-0.1780632637  
0.1902010125  
0.176441928  
0.3803827849  
0.3064345454  
-0.01975721188  
0.3914980534  
0.01431633238  
-0.09881486031  
0.6123398771  
-0.09738492502  
-0.2117376883  
