-0.05449215987  
-0.02598059637  
-0.06443934515  
-0.06711041844  
-0.2147048405  
-0.0405769542  
-0.07812159176  
0.07385239711  
0.03375885412  
-0.002132690811  
-0.09251934556  
-0.150486374  
-0.2160320307  
-0.03382002814  
-0.04582635967  
-0.1539625629  
0.0006143956603  
-0.1560339207  
0.03232586121  
-0.004836089643  
0.06045619128  
0.1220531866  
0.00334534138  
-0.0553294993  
0.01094354035  
-0.1551661151  
-0.0844038993  
0.003347175092  
-0.0237199713  
0.0182995284  
-0.07458213946  
-0.005858989175  
-0.01649471131  
0.003140071241  
0.07025527144  
-0.05791357022  
0.02700085427  
0.1496065597  
0.04297431851  
0.05689440097  
-0.06795310859  
-0.02556905233  
0.06419411011  
0.04883469635  
-0.01760511336  
