0.49097804  
0.1663814168  
-0.1440544372  
-0.6242351307  
0.3908862874  
0.07450978689  
-0.1940511042  
0.02011682671  
0.0296502166  
0.6442153789  
-0.2627651158  
0.306941114  
0.01965112461  
0.4932695589  
0.571985465  
-0.9875917188  
-0.2310283643  
0.2778276314  
0.01822861083  
0.106678477  
0.6544381873  
0.8534278475  
0.4175439688  
1.528654741  
0.1544323521  
0.2742340683  
-0.2336026914  
0.208840679  
0.497389425  
0.3723573717  
0.05104410989  
0.3949699484  
-0.7371450421  
0.7955302429  
-0.1444402237  
-0.04482431063  
0.3324938984  
0.019148875  
0.2467564055  
-0.2572030247  
-0.04370705629  
-0.9594519434  
0.2897197518  
2.16273864  
0.2211017711  
