-0.07768969677  
-0.2683577502  
-0.05246216533  
-0.08486190109  
0.1135229816  
-0.08404772241  
-0.02303343396  
0.09820074892  
0.04304772141  
0.1298749269  
0.02096935532  
0.001800534229  
0.1050973061  
0.01133710831  
0.04126643742  
-0.1471005535  
-0.006100159177  
0.1257741491  
-0.09165304046  
-0.1689437668  
0.1505399967  
0.06429720412  
-0.04118857013  
0.1491200421  
-0.3160059428  
-0.1408613809  
0.2424994535  
-0.007996513672  
-0.006370728464  
0.1471167632  
0.1436988887  
0.1428010526  
0.09150613815  
0.08775924992  
0.05605187453  
0.1036299341  
0.1858330194  
0.1909641432  
0.1326266404  
-0.2031762132  
-0.04132353498  
0.0156637366  
0.08349576208  
0.4661883905  
0.007238678507  
