0.2579967845  
0.297449554  
0.04241744421  
-0.3209308581  
0.1450491772  
-0.0133324592  
-0.3781087102  
-0.003946112821  
-0.1166704203  
0.102273162  
-0.1368106922  
0.04537603481  
0.1053619805  
0.03975895974  
0.01985812293  
-0.1044065764  
0.03205180066  
0.0255380073  
0.1113128931  
0.1622255376  
0.0198363498  
0.4609842352  
0.3293406724  
-0.007529761312  
-0.3405952043  
-0.2127182624  
0.1437657962  
-0.1489341485  
-0.05260176262  
-0.4890743425  
0.07908415593  
-0.2843367016  
0.004359110259  
0.09204291357  
-0.1222375934  
0.01514872688  
0.1433506185  
-0.2097462221  
0.1453856866  
0.152132048  
-0.02929889676  
0.03394343218  
-0.09310151061  
-1.389766189  
0.1123757389  
