0.06960737891  
-0.05024294047  
0.06886492609  
-0.3060611131  
0.05614569486  
-0.08114915419  
-0.09302718641  
-0.08310261399  
-0.02204466095  
0.03307597065  
-0.2069869269  
0.08364431512  
-0.05759650195  
0.02173602653  
0.142848801  
-0.008503649264  
-0.03580998523  
-0.05567372393  
0.04519109591  
-0.0363093819  
0.1408103277  
-0.02989118114  
-0.1753233957  
0.0250585102  
-0.2209309175  
0.1745708757  
-0.05843768915  
0.0394234319  
0.03914052428  
0.0150246134  
0.1136499273  
0.07512066235  
0.04922838314  
0.1468007715  
0.01927039588  
-0.009936759489  
-0.1270770783  
-0.06356069769  
0.1263390138  
-0.0102260338  
0.06436654467  
0.001595450813  
-0.02983402386  
-0.2070900428  
-0.1475474868  
