-8.315562058  
35.07770756  
15.49171441  
52.2903986  
-9.439476743  
16.46142343  
-15.59485537  
48.73057884  
37.18195374  
50.07250903  
67.90123268  
-14.81697185  
-21.04177486  
19.88143317  
8.984785433  
10.46412686  
22.52772229  
-46.84155137  
7.691767138  
-19.14649689  
-6.64483456  
-27.17722033  
26.33148321  
-4.620838133  
-17.56530477  
-10.50401096  
-3.105772062  
29.37969386  
5.978178223  
-41.98871373  
-152.4483236  
-2.968433917  
-30.88079376  
63.84528668  
38.99382305  
-29.89880871  
20.53075482  
-12.86140319  
-60.93464799  
19.96943644  
-17.115346  
-81.05521305  
5.117582669  
-67.71976349  
17.94251471  
