51.38594044  
13.84375442  
-7.40640124  
40.03535785  
41.22871243  
14.62935373  
-18.47528207  
4.66577799  
12.0577955  
13.84435391  
46.0537827  
-28.66787709  
5.986100776  
-10.52305763  
-21.57138645  
17.15466705  
11.94639097  
7.172287545  
-30.35402461  
-19.28989787  
-5.871313788  
-3.440175055  
-10.2748908  
-1.745848101  
34.09508389  
6.531968408  
5.323095557  
23.43437929  
7.218114956  
-34.00513788  
-30.8678298  
-3.286174759  
-28.17306268  
-33.31848631  
28.17009254  
31.72077968  
-2.060996628  
-53.9119482  
-16.63725831  
52.01788288  
22.33239699  
-3.269934043  
12.3780157  
52.07300279  
4.284659974  
