0.497023967  
0.5010205164  
-0.3576429544  
0.3522095848  
0.401501316  
0.4099475494  
0.07068197205  
-0.2212095255  
0.3530162386  
0.9335566292  
-0.1700854053  
-0.1079601883  
-0.09009145185  
0.08174597306  
-0.002884226625  
-0.8846081897  
-0.126223406  
-0.3375552213  
-0.08269340774  
0.06565332828  
0.4051524075  
-0.1121680605  
-0.1500084804  
0.5495855968  
0.05349551043  
0.1835404418  
0.1410831836  
0.2447356048  
-0.006340163294  
-0.2561333283  
0.06044144152  
0.3306232864  
0.07581434761  
-0.3259417452  
0.1646881973  
0.1078537207  
0.6027538286  
0.3545620797  
-0.01983771755  
0.2998819882  
-0.04479634498  
-0.1888129518  
0.5989808346  
-0.3273264464  
-0.374880881  
