71.63774549  
48.41260115  
74.1455799  
-29.20533136  
141.7009665  
52.5969778  
-88.01164975  
-54.04879876  
21.22432724  
4.251551011  
-38.61266935  
10.8495711  
0.6729892685  
47.1454442  
-48.61063739  
42.73507754  
11.66829838  
-31.72772588  
6.168025944  
-35.34014632  
141.6555968  
-1.332524697  
44.2143951  
1.901132647  
28.93133521  
15.69147897  
48.76625464  
37.28972305  
-4.046869917  
25.46935167  
1.57283674  
-12.08781952  
89.65552787  
112.0977409  
49.19505755  
-14.342257  
31.04402596  
105.1171862  
14.23261017  
11.65728322  
-5.722764234  
-65.12908271  
-9.981277678  
131.9592313  
-10.73604862  
