-0.2173764816  
-0.03692763003  
0.01578598688  
0.1813727524  
0.06295072923  
-0.06260654742  
0.190802303  
-0.1156386212  
-0.04291970368  
0.1835965396  
0.1081946114  
-0.08177664158  
-0.205928808  
-0.1480132143  
-0.1211251697  
0.362245684  
0.0568081202  
0.04710521462  
-0.01125095639  
-0.09519502197  
0.05771357284  
-0.3694330388  
-0.1623558228  
-0.1781103749  
-0.03801726158  
0.1127100151  
-0.1054069666  
-0.08453132483  
0.01742129987  
-0.03757210967  
0.1413155586  
-0.131621836  
0.1767305196  
-0.2732889873  
0.3813922554  
-0.04893763576  
0.1339247291  
0.1437736811  
0.08513887222  
0.04684451118  
0.05432782817  
0.4214288035  
0.03949899031  
-0.3387955494  
0.04488683624  
