9.727686208  
13.18244208  
0.8996379452  
15.0125888  
-11.99111668  
15.84144192  
-2.333792402  
10.12498194  
14.88848866  
3.901764754  
7.906858535  
2.953596477  
5.259354453  
4.634578829  
11.47789963  
16.36724594  
12.6889007  
-18.25532534  
8.770656335  
-10.94817925  
-7.148192636  
-12.55245656  
-4.700881103  
-5.71451319  
2.768614478  
-3.648446387  
-3.112197357  
14.05945793  
12.13604386  
-27.23541323  
-93.86369772  
-14.85016579  
2.974794538  
12.08478819  
20.74379045  
2.888840641  
1.990237744  
-3.50070247  
-16.53569958  
7.154309104  
-15.30125681  
-38.16151919  
7.573940964  
-8.563335398  
8.70103077  
