-0.01731556046  
0.1001631127  
-0.102314871  
-0.1689198927  
0.08412259053  
-0.1131048172  
0.03105024109  
-0.09796070823  
-0.06291945537  
0.02277898031  
0.02631997226  
0.03318701629  
-0.0616819965  
0.1566403348  
-0.0316338895  
0.2776905186  
-0.1685817739  
0.04519014705  
-0.03045403466  
0.008802623545  
0.1093592797  
-0.205317912  
0.1098195641  
0.151100325  
-0.1319754981  
-0.0141612263  
-0.04522722174  
0.1650138654  
-0.154614621  
0.1016895717  
-0.05098069278  
0.2247290448  
0.05566668435  
0.02257608493  
-0.03593179289  
0.02441790073  
-0.1044403207  
-0.0107406016  
0.04256571447  
-0.001639185788  
0.08139724132  
-0.1305580778  
0.002578888781  
0.1668779948  
-0.1033637661  
