5.262916901  
13.14930608  
16.6315897  
60.4556216  
41.72738371  
89.66504963  
-8.033754478  
-16.05484579  
2.984805151  
-11.05751481  
23.09505195  
-1.209253846  
8.614776793  
4.320013175  
14.21868054  
-3.388863296  
12.97275224  
21.63902087  
2.97251644  
-59.99016513  
40.1137553  
-39.25995948  
26.65649313  
-16.01621012  
68.85009921  
16.86507568  
32.6664231  
24.979463  
35.13076995  
13.79203848  
-11.53239823  
-1.472346695  
21.53140884  
-11.5576166  
36.02331765  
9.505449054  
-6.53729651  
-28.19688274  
-31.56030466  
31.40084454  
36.10302935  
-14.65404489  
41.00978497  
123.792898  
-1.784422078  
