-25.57684566  
37.54188571  
87.92738864  
-10.48739475  
-32.71031293  
-32.10880909  
10.24292177  
39.36974663  
-48.40673349  
20.11212612  
45.22837995  
37.78132334  
-18.65113826  
54.31135616  
-7.316441543  
80.04789709  
106.4716979  
-117.4149778  
26.4506008  
7.58488307  
-20.82261931  
8.381778363  
-25.62246402  
6.761926085  
33.64720657  
43.97386565  
32.92525704  
-58.85248671  
-16.96406847  
-3.763744201  
-156.9365838  
131.5169643  
14.29930478  
-85.12882113  
53.8045481  
-7.146515086  
48.28836848  
-12.59346326  
56.58511028  
46.31527688  
62.72490196  
13.35035425  
-2.964341428  
20.21550104  
-16.61953618  
