0.06533628113  
-0.1389595766  
-0.01734622485  
-0.09540997274  
0.1411453561  
0.009761975162  
-0.09716951892  
-0.004864665146  
-0.006929143683  
0.1191096146  
-0.003695554235  
0.0657061889  
-0.06374436086  
-0.02063693527  
-0.1335381565  
-0.1163660616  
-0.2091910493  
0.06297549373  
-0.006821479731  
0.08574095942  
-0.01545873961  
-0.08964360812  
0.03406939325  
0.06939029961  
-0.05186561214  
-0.003214983679  
0.04026064363  
0.01837617015  
0.1024706733  
0.1664683092  
0.2960931841  
0.0175475073  
0.1000284363  
-0.1702146308  
0.04985742764  
0.0103429138  
0.009239052984  
0.000884555806  
0.1200446043  
0.3286714262  
-0.1088090223  
0.2776781946  
0.1172090658  
-0.0160114498  
0.1040338392  
