15.19598928  
0.1191471315  
19.26986813  
55.70020335  
96.81649767  
23.07203016  
-17.42150578  
32.94596764  
18.73440544  
-3.114453959  
61.46901727  
-25.79271894  
-7.63328757  
-11.80959561  
-24.40856005  
2.636477624  
17.9728388  
-1.554588369  
-29.50778225  
-45.85552156  
37.13171748  
16.3450704  
-11.45163985  
-21.03392498  
63.15564769  
6.889107227  
-11.45282759  
-0.9393336528  
15.11173401  
-39.41978316  
-58.09795236  
-1.217607302  
-27.05362756  
-42.93057854  
22.16468672  
22.17033844  
-0.7119487197  
-72.91945083  
-26.50154219  
58.06439715  
24.5952227  
-18.86420231  
29.33967485  
59.64671052  
8.025427611  
