-0.05272754487  
-0.05543455435  
-0.1742583844  
-0.1852407363  
-0.04896916786  
0.02356009838  
-0.0004184668934  
0.007561897167  
-0.03687758089  
0.1621532743  
0.02354586261  
-0.003111369782  
0.04112672776  
-0.08031865063  
0.01654306872  
0.05685344172  
0.1168269984  
-0.001210458619  
-0.1122537186  
-0.008488014391  
-0.03402667963  
-0.3124339203  
-0.01787983753  
-0.06873850426  
0.2066425968  
0.02808492482  
-0.1454068956  
-0.03915589343  
-0.08727829419  
0.138095589  
0.08278131038  
-0.0003502989893  
0.08614684823  
-0.1572548614  
0.05223470694  
-0.07624707126  
0.08356731138  
-0.121630397  
0.0727065873  
-0.140890397  
0.01562364357  
0.0467708917  
0.1355871004  
-0.1311638052  
-0.2950988022  
