0.02581955653  
0.1821765135  
0.3896768441  
0.05173330436  
-0.4575546595  
-0.3168912976  
0.2979880836  
-0.04675696442  
0.3493659124  
0.8020965613  
0.2862117566  
0.05351204094  
-0.117196065  
-0.3743607328  
0.07030552499  
-0.1549293171  
1.028835731  
-0.3991805823  
-0.1124041673  
-0.2002574286  
-0.08890464553  
0.1665788621  
0.2238250263  
0.5523263674  
0.5106933578  
-0.5414889289  
0.9294941185  
-0.03494803547  
-0.3714465618  
-0.4693840587  
-0.3280900407  
0.1047900383  
0.04365495319  
0.03917885235  
-0.1698153267  
0.377893579  
-0.328110088  
-0.3310396405  
-0.3214597453  
-1.12142786  
0.3650472364  
-1.242713963  
-0.6162485739  
-0.2357036966  
0.1445868161  
