0.1538679759  
0.3219473083  
0.03882301779  
0.5479367776  
0.2317411718  
0.6055106161  
0.6593039052  
-0.4259154378  
0.02925090648  
0.3735161633  
0.1823402012  
0.3430457986  
0.06341485475  
0.2693981279  
0.09627616657  
0.08543235154  
-0.09364452651  
0.4339451835  
0.1026988034  
0.1593206887  
0.2274379573  
-0.04402883872  
-0.0308299666  
0.5724315451  
-0.06866237201  
0.3148316603  
0.386814657  
0.03073438646  
0.1442490053  
0.4457709937  
0.1647481729  
0.0564840843  
-0.285985033  
0.1389031501  
0.1130801793  
0.09909972459  
0.03518427204  
0.2422888353  
0.1236298013  
0.0418414245  
0.007400942197  
-0.0148474635  
0.132485699  
-0.09409405523  
-0.01323915036  
