-0.05753888228  
-0.09299623939  
-0.06497982971  
-0.02429356658  
0.1670736729  
-0.01671682084  
0.09661876828  
-0.1407832019  
-0.03040752389  
0.02762655945  
-0.08802228149  
0.0139982193  
0.09248543175  
0.05504190591  
0.007849811008  
-0.1879437598  
-0.07036265079  
0.08922208202  
-0.07564663071  
0.004277125076  
0.05876446506  
0.08938031251  
0.0762368608  
-0.07710349845  
0.1005573213  
-0.194668027  
0.2482867554  
-0.001740207399  
-0.003406275731  
0.3489953561  
0.07585466783  
0.0846899145  
-0.1129488383  
-0.2461401077  
-0.09239560958  
-0.06173569125  
-0.06291725848  
0.1583432893  
0.05624242782  
-0.2427187344  
0.04199773994  
-0.01896231014  
0.2710779194  
0.1106823455  
-0.1582235335  
