50.3999596  
-2.119480814  
32.749953  
68.17307721  
127.9628949  
33.79963335  
-38.97523768  
21.05639972  
22.63874138  
5.759199816  
88.9814665  
-44.69021644  
1.554521228  
-16.89099052  
-20.60580289  
-5.502518358  
21.19893136  
12.09215144  
-56.2163363  
-49.68970044  
38.97623032  
23.93570558  
-19.58969108  
-30.07634852  
72.76801239  
8.368342012  
-21.42100256  
20.39489847  
20.90964956  
-65.1541659  
-52.16160375  
-0.5572881632  
-55.71169195  
-88.27622896  
41.39729826  
31.13822614  
9.923793177  
-129.9190237  
-44.9097104  
85.73333465  
28.35268457  
1.27810167  
46.87351006  
65.72157613  
5.743283873  
