34.82528301  
1.174873824  
36.07891339  
65.45190658  
125.6352838  
39.9494581  
-34.29512606  
36.23937491  
23.42976253  
13.39722267  
97.28053527  
-37.38717891  
-7.327971714  
-21.64509502  
-18.03816741  
0.3906320813  
24.1528424  
1.015836514  
-42.80742013  
-56.36406429  
39.95534542  
17.98471256  
-17.72812946  
-27.24730613  
67.04402291  
7.799365226  
-18.30991829  
15.33347925  
17.39264209  
-59.04864766  
-46.93212268  
2.637506561  
-39.48851353  
-82.79916691  
43.04502917  
23.50670111  
2.62982992  
-121.8598774  
-35.33637709  
73.88464415  
25.89665411  
-2.09542707  
49.57200346  
70.87944267  
8.610284579  
