0.07994634066  
-0.02194733235  
-0.1857598598  
-0.3897715494  
-0.08212792273  
-0.1526544538  
-0.274668142  
0.2763589538  
0.2239675268  
0.2393048176  
0.2619064195  
0.08394811293  
-0.001233087762  
0.1751620879  
-0.01680465582  
-0.003172668508  
0.07240997602  
0.05069811187  
-0.07706077657  
0.1669835548  
-0.1046201964  
-0.004566476372  
0.4199450083  
0.3087170333  
0.1651654639  
0.06298442057  
0.3270178214  
-0.005583150162  
-0.007621702768  
-0.2413939059  
0.150024134  
0.1181258429  
0.301443027  
-0.1411309603  
-0.06992182823  
0.1948349365  
-0.08486357151  
0.02058363122  
-0.07328465038  
-0.1699956659  
0.05089202022  
0.001801540579  
-0.006681908027  
-0.296503755  
0.1542206968  
