-7.408276704  
34.50175675  
19.19915935  
36.67780196  
-12.36935413  
19.9932961  
-17.27848583  
55.52321811  
36.52919944  
44.00799376  
53.85171431  
-17.45117868  
-22.91148765  
16.34080789  
12.36085836  
19.73245025  
23.19242246  
-45.64464424  
7.355421389  
-17.87034803  
-7.449125751  
-21.24370829  
24.85804746  
-0.3175327316  
-16.92767096  
-7.872431096  
-0.9446804971  
26.19706186  
7.180439925  
-31.90480046  
-155.1792484  
-6.141830314  
-25.97635961  
65.59369041  
41.36569988  
-28.07659432  
21.03907333  
-11.20106251  
-64.7001278  
19.03394536  
-18.67576533  
-79.81388689  
7.951582738  
-63.05334955  
22.13743151  
