0.1370418951  
-0.7621395456  
-0.3828851008  
-0.4413813928  
0.2194394624  
-0.1442852958  
-0.1629597128  
0.6794401379  
0.4545762199  
-0.08863678295  
-0.005165345792  
-0.3042329903  
0.3150721485  
-0.8559564315  
-0.1819192256  
-0.7832811327  
0.5892365006  
1.699499476  
-0.2840197679  
0.7493524341  
0.1339883711  
0.1988717208  
0.04258581431  
-0.03712111834  
0.4215638152  
0.6030967935  
0.532950276  
1.272155595  
-0.2420125806  
-0.7681296368  
0.2432044284  
0.04775563569  
0.6698847546  
0.545179642  
-0.2889771883  
-0.3258345938  
0.09349808461  
-0.2734494442  
0.08548729226  
-0.3516847445  
0.2827678477  
-0.7053984902  
-0.0581307523  
-1.092592763  
-0.5785240734  
