78.21270657  
40.99734065  
93.81446803  
-19.78995221  
154.0855472  
76.45952477  
-116.3277207  
-50.15767659  
14.91892069  
0.4045905558  
-29.15177659  
20.62615071  
-6.278568625  
43.27444649  
-39.84943001  
47.8575747  
18.94789957  
-29.35453597  
14.52753173  
-45.54359266  
144.7212068  
13.1235837  
32.84985329  
-3.807624833  
32.49816631  
10.63598383  
58.50827656  
45.61912513  
-7.964785268  
27.6403509  
23.34193407  
-2.025863803  
90.5081837  
94.81326517  
57.22484372  
-2.788081706  
34.89572755  
123.118699  
14.91171078  
19.21616467  
16.41366001  
-71.63751423  
2.617465484  
156.5782756  
-8.587033938  
