7.655120394  
9.965685537  
5.734842204  
51.36182255  
27.54397202  
75.71015818  
-5.542944195  
-29.18671688  
4.190528803  
-13.90773431  
12.17154019  
-5.460890348  
14.6478285  
6.989109291  
7.186037706  
-20.96651135  
7.51825577  
22.75713512  
-1.335656508  
-49.2869459  
42.00258347  
-43.95900774  
36.83923644  
-11.56375071  
69.54812368  
18.8461545  
25.20518013  
28.52703989  
31.42144975  
8.90178183  
-12.04301066  
-4.502182788  
8.184130735  
-7.604671992  
37.03639641  
11.57435641  
-0.2266373568  
-31.05914003  
-41.45639428  
31.86296037  
35.84046884  
-15.95442475  
37.68821496  
113.6657971  
-6.101507386  
