0.07830601412  
0.2531236077  
0.04018783238  
0.3143310582  
0.2199361035  
0.3534921059  
0.3134364133  
-0.1774721796  
0.08009096052  
0.3362208905  
0.06585546145  
0.1659234153  
-0.05709325832  
0.1475509503  
0.03500246737  
-0.07233417409  
0.03834177845  
0.1711891127  
0.05421863595  
0.09676637457  
0.118251486  
0.09563474909  
-0.005946380592  
0.3271881476  
-0.01353344873  
0.1541782065  
0.1263489606  
0.04298146884  
0.09692469319  
0.2166679633  
0.08902304362  
0.005037071882  
-0.04245824221  
0.01252036041  
0.1084800752  
0.07742369831  
0.139930557  
0.1828022094  
0.07219513615  
-0.02803236644  
0.01859909262  
0.05729943011  
0.1486748166  
-0.03853297628  
0.03040953523  
