0.0215741001  
0.04438248718  
-0.1078777822  
0.03390239833  
-0.05955025163  
-0.2311943119  
0.1149565082  
-0.0174889286  
0.2437944902  
0.4385489404  
0.2754475813  
0.01291931541  
0.05142319419  
-0.1947765806  
0.1137628564  
-0.1761215281  
0.5881722127  
-0.1736058596  
-0.1020421361  
-0.1760966635  
-0.1098676979  
0.1072321466  
0.2496278594  
0.3420954048  
0.3639590285  
-0.3222857996  
0.6687051385  
0.02648877298  
-0.06545993753  
-0.3391103169  
-0.1414240276  
0.1600480194  
0.0598460823  
-0.1144596116  
-0.1049571302  
0.3283102441  
-0.3697060016  
-0.1308626926  
-0.2139883929  
-0.604735166  
0.2215457149  
-0.6076292751  
-0.2730529839  
-0.2737394815  
0.1417322861  
