4.53682141  
27.54708632  
-18.27757324  
-1.094345011  
-36.74863225  
22.40370102  
-9.317308123  
18.43664722  
20.2238332  
24.7329541  
44.90634121  
13.2838721  
21.27137311  
5.281029203  
24.26125985  
3.928785385  
18.83756357  
-32.01596767  
8.560092591  
-19.07468338  
-7.560484955  
-28.37541148  
-25.15979756  
-5.313795223  
2.917553258  
-11.18519225  
11.35055707  
12.56370812  
21.71994776  
-43.97273613  
-128.8270402  
-31.1857793  
-4.686126968  
45.48091312  
30.94979663  
11.61141076  
6.501706355  
-8.252479144  
-34.57131089  
2.221130733  
-15.13230465  
-49.22247452  
15.66964392  
-39.45431827  
7.915965586  
