91.16632929  
-23.76045553  
-27.61129739  
-34.00384218  
32.74648417  
-6.373211751  
-3.54497261  
14.45062912  
21.15792978  
6.072541337  
-1.891562485  
-10.34873386  
31.71573975  
28.43643964  
-18.99919143  
-60.93095303  
22.23757805  
45.8917986  
36.92415919  
-17.17695794  
21.85977187  
44.93576122  
0.05356341889  
23.27028065  
-2.608993599  
35.2457348  
-11.03881066  
1.247434862  
5.066939754  
-35.06876724  
-86.26303023  
-58.88188062  
-11.42436987  
-24.06623228  
-23.01659559  
-15.25930799  
28.47681506  
21.58638186  
-26.71589142  
5.870575197  
24.64066389  
-18.3702028  
7.921456368  
-16.55099617  
39.0066181  
