-0.1118235934  
0.1512664419  
0.04821850599  
0.3483220783  
0.06219844348  
0.3283375531  
0.3759362635  
-0.1396243504  
0.03957384967  
0.276553906  
0.1973855575  
0.1736219376  
-0.1825309858  
0.04769286876  
0.07095366665  
0.177705752  
0.1326971081  
0.3760357763  
0.06175782525  
0.1261892534  
0.0424668674  
0.207375311  
0.1136194791  
0.2155598949  
0.04243543039  
0.09807329286  
-0.02867072671  
0.02534664545  
0.1447113994  
0.3994583511  
0.1027065511  
-0.1224182121  
-0.07757520589  
0.1665310532  
0.1974386235  
0.07050516676  
0.006614863756  
0.1154402134  
0.02945543787  
-0.1707759276  
0.04535346205  
0.2077377908  
0.07986804294  
0.1745449424  
0.1919062087  
