0.4125398058  
0.2598452448  
0.3147590577  
-0.6780444131  
0.3467122047  
0.09347199185  
-0.6615293464  
0.0577355642  
-0.1701917467  
0.06816095129  
-0.5182319332  
0.2318969723  
0.2193713055  
0.00738039906  
0.2558733687  
-0.2473885911  
0.07386759178  
0.0261353719  
0.09355397319  
0.129576129  
0.207862922  
0.8764610103  
0.0465535883  
-0.05061923366  
-0.3567172799  
0.09477146433  
0.1076264669  
-0.3769136883  
-0.0694668996  
-0.6196160713  
0.2504233665  
-0.5392299647  
-0.04467500278  
0.07035938147  
-0.1857730922  
-0.05367539634  
0.235156857  
-0.2523470293  
0.1664373363  
0.3415743036  
0.01808821764  
-0.0110117783  
-0.09648231724  
-2.063891143  
-0.156526869  
