-0.09030075277  
-0.1495981122  
-0.1692352641  
-0.1504293774  
-0.5084081029  
-0.1093056757  
-0.1111708384  
0.02916886461  
-0.171625002  
-0.1684008814  
-0.07448763319  
-0.2028773065  
-0.1119427237  
-0.1008843616  
-0.03876476718  
0.3447524862  
-0.2128796283  
-0.07796271073  
0.02885718309  
0.04633256037  
0.05183813238  
-0.09061221341  
-0.02980774275  
-0.1596625101  
-0.01518628876  
-0.1518895489  
-0.05698594018  
-0.03955223279  
-0.06426811514  
0.07751850617  
-0.1196097635  
0.01126600674  
-0.2537671441  
0.06146565013  
-0.04935553097  
-0.1615611661  
-0.1527196043  
0.02830201418  
0.03962669762  
0.1208332056  
-0.1073731621  
-0.1112389807  
-0.06071335989  
0.110419384  
-0.1071110878  
