7.569779475  
13.01202055  
0.6195460075  
23.30595809  
-12.27511385  
10.01530772  
-1.050901226  
10.83469463  
13.66168096  
5.469188352  
14.95813983  
2.456915768  
4.167560613  
5.80217984  
10.06622707  
15.04690967  
13.83271655  
-17.40957128  
9.952673384  
-12.02615283  
-13.79447202  
-13.96672743  
-3.407151924  
-6.128942583  
1.383920397  
-1.439480657  
-6.257608375  
14.5074187  
12.78815129  
-26.28268119  
-80.41567604  
-15.65546152  
-0.4816702475  
12.37242388  
20.02456401  
3.858417503  
0.7639494973  
-3.063021529  
-16.01620472  
9.010560848  
-14.52598936  
-40.98110315  
7.018655125  
-12.00058829  
9.627211406  
