21.71769622  
10.09181014  
7.194631719  
23.55757557  
26.88634127  
33.3798967  
-18.20299813  
-13.28299181  
2.635461392  
-2.50396416  
5.390722789  
-3.118930471  
-0.8050651848  
5.393104466  
-6.573550639  
19.72172649  
6.684104406  
-1.521598782  
-1.118762143  
-27.62078362  
22.47628983  
-16.48139761  
11.4459267  
-1.147346814  
28.43347505  
-0.08018174448  
18.63922227  
17.49952275  
8.637219325  
5.857781451  
-13.66674622  
-2.649287234  
16.096761  
8.665492672  
17.68455032  
12.57582163  
-3.751175593  
3.196044556  
-8.332470462  
20.85229506  
15.45083409  
-22.27432351  
10.5911891  
64.01420106  
-0.924094144  
