-0.06883457059  
-0.07311571373  
0.03425476858  
0.4770307024  
0.2661625643  
0.03520040927  
0.1329495652  
-0.5204261925  
0.02688166331  
0.4955308666  
0.06547160935  
0.1608756474  
0.05008588115  
0.1882334769  
0.447664423  
1.203553762  
-0.03043447387  
0.3664480976  
0.007558242434  
1.198187232  
0.2078013814  
-0.1432575188  
0.146055112  
1.547570196  
-0.03824638434  
0.6597813112  
0.5723416246  
0.008818963703  
0.1322611596  
0.6552598081  
0.3872816026  
0.2381577532  
-1.025892391  
0.8254637967  
0.2239505483  
-0.1528089641  
0.1127953849  
0.4173313488  
0.2491909905  
-0.2149119849  
0.1890246865  
-0.2826572254  
0.3082830796  
0.8720750777  
0.3532978725  
