0.1681138181  
-0.08364914883  
-0.3299548041  
0.069186536  
-0.1797236726  
0.07054812572  
0.04803775766  
-0.06312433416  
-0.09286435748  
0.1909499996  
-0.004062730616  
-0.1205380379  
-0.04944586015  
-0.1153528922  
0.01531513311  
0.1824755255  
-0.1274512104  
-0.01216956424  
-0.005101545423  
0.06910898178  
0.03483165322  
-0.09229021939  
0.01899039701  
0.01352563791  
0.08416393664  
-0.1011960608  
-0.1367311109  
-0.03012531483  
0.02587746624  
0.1500110179  
-0.0109391222  
-0.08001785403  
-0.2195730179  
0.06748171549  
0.04895648086  
-0.07632709612  
-0.06362810845  
0.06425730587  
-0.01434376678  
0.1490791891  
-0.1450085727  
-0.02262238657  
0.09347749009  
0.2302622172  
-0.2439941279  
