-0.1916109721  
-0.1545746095  
-0.3792558676  
-0.05932177996  
-0.06168186244  
0.110145731  
0.05831796814  
0.09923485243  
-0.07569445285  
0.3436216367  
0.1084002632  
0.1062095783  
-0.0172391925  
-0.02063224344  
0.1474162128  
0.167852759  
0.05191424949  
0.2071521855  
-0.05662087593  
-0.1277739991  
0.0238995347  
-0.07651624846  
-0.01757143383  
0.06834533624  
0.1276816566  
0.04132115966  
-0.05935891561  
-0.005834211042  
-0.06696385273  
-0.1001322581  
-0.002213225976  
0.02027673986  
-0.1111653114  
-0.06874244031  
-0.02744133701  
-0.01322763984  
0.02185737705  
-0.2296773978  
0.01363763203  
0.05412549067  
0.05245024964  
0.0878503384  
-0.00734926427  
0.1135270473  
-0.2972852805  
