18.14206451  
-0.03661673011  
-2.553856392  
30.75053725  
-9.364651407  
36.08525847  
5.500317244  
48.98192281  
10.76366958  
26.45837815  
83.76975287  
-66.60052792  
20.21316989  
13.0859449  
-8.990972373  
-53.61297187  
-3.794554337  
-9.114746493  
-6.175890718  
-4.373214265  
27.67973928  
6.846042388  
-7.957027186  
-9.016149838  
-29.90546505  
-8.05842087  
-24.14992066  
23.91096964  
22.51489094  
23.39661449  
-85.16310301  
-29.55019581  
-38.11449143  
-15.71882921  
-3.488324825  
-24.55225543  
-24.32980662  
9.968190028  
-64.47593098  
25.91454807  
-0.5112794022  
34.31424619  
35.31021047  
-30.13547704  
-25.68331043  
