-0.09979567634  
-0.03349690284  
-0.07761552342  
-0.06342192316  
-0.2776955095  
-0.01149939243  
-0.1013291871  
0.08981809674  
-0.0006556190471  
0.09254870793  
-0.1136476878  
-0.168104309  
-0.2231019291  
-0.06519454288  
-0.05074613453  
-0.2396773651  
-0.0008063802251  
-0.1725181017  
0.02618456974  
0.005982062211  
0.03628846534  
0.128596312  
0.004915871073  
-0.1109101679  
0.01149777092  
-0.168668949  
-0.1057509655  
-0.01370674392  
-0.007448185849  
0.004659513466  
-0.1007001578  
-0.009900632513  
0.01749576068  
-0.06840186106  
0.07123947023  
-0.06537463666  
0.1054644666  
0.1509658677  
0.06806253317  
0.03453716367  
-0.07449974882  
-0.005045871343  
0.1048459446  
0.04909924813  
-0.0138569383  
