-0.09303546032  
0.1885044279  
-0.1257367209  
0.8725144146  
0.01021663416  
0.6136212101  
0.7060723663  
-0.3779458943  
0.03053696158  
0.536378012  
0.3380006869  
0.3136670299  
-0.09032294673  
0.07755109606  
0.1230648323  
0.5683738217  
0.03532144208  
0.6441487909  
0.09575922961  
0.2185026053  
0.1742141997  
0.1240027269  
0.2774715508  
0.5714602409  
0.1597419692  
0.1181259137  
0.0330639025  
0.01558183539  
0.2086000233  
0.6817699458  
0.1562091133  
-0.1622599516  
-0.372929708  
0.430092721  
0.2186195299  
0.0872920403  
-0.2127638596  
-0.03536114097  
-0.02969373936  
-0.02285389107  
-0.01552752086  
0.1880890196  
0.1198800599  
0.5396585071  
0.06770505966  
