0.1276186241  
0.05612055874  
-0.0330809756  
-0.3012727363  
-0.0283475651  
-0.08346254591  
-0.1630590853  
-0.1009384344  
-0.04144520537  
0.09643441167  
-0.2078936031  
0.0470449958  
-0.1323064869  
0.02382386229  
-0.07804564729  
0.03785130291  
-0.05696017991  
-0.09042855877  
0.04074214526  
-0.04904283811  
0.07024158278  
-0.0117127695  
0.2659204216  
0.04916382356  
-0.2962180727  
-0.1495747191  
0.0299926782  
0.1845239799  
-0.02519048917  
-0.01887444195  
-0.03008867229  
-0.00776557903  
0.2314875107  
-0.004446238732  
-0.02869521329  
0.09922978886  
0.1209895845  
-0.1119584407  
0.09390803774  
-0.09440218556  
0.007286216595  
0.03545275208  
-0.08067735447  
-0.5081618805  
0.08397565881  
