0.04274573259  
-0.08569679514  
-0.227485316  
-0.05234417267  
-0.1759519381  
0.02593849687  
0.03674321904  
-0.04064425201  
-0.03940250216  
0.1934058511  
-0.01836888257  
-0.02480029585  
-0.01935825694  
0.0002024900501  
0.01252995395  
0.1829110995  
-0.1042771041  
0.01683406469  
-0.0009253489968  
0.03251359021  
0.06119375842  
-0.02784118083  
0.03521435038  
0.04560021125  
0.04247196726  
-0.04508481947  
-0.123278639  
-0.04482943452  
0.03938455947  
0.1199797349  
-0.0100039879  
-0.06668582848  
-0.1374313631  
0.06506020799  
0.04186425943  
-0.05860626227  
-0.08706348692  
0.05119345  
-0.04073917422  
0.1278100213  
-0.130056068  
-0.02071023099  
0.05606933597  
0.2782181728  
-0.1868885272  
