0.08162998292  
0.09943718217  
-0.07161185226  
-0.2321780703  
-0.03229772107  
-0.04676210236  
-0.324855342  
0.01548533972  
-0.1166487224  
-0.09862306888  
-0.1199280528  
0.03744618861  
-0.1292545018  
0.4667643408  
0.01076638788  
-0.04149018664  
-0.2475567849  
0.2187516177  
-0.02650083232  
0.08338637839  
-0.06935626154  
-0.08928650251  
0.1524445064  
0.2353467125  
-0.2017615865  
0.04325045118  
-0.06464199354  
-0.02110116544  
-0.03561171129  
0.1436344879  
0.07159294675  
-0.06326678017  
0.1403523424  
-0.086121864  
0.003112993488  
-0.06209530981  
0.09841381491  
0.1563778147  
0.1212834701  
0.2823655646  
-0.02058140119  
0.2674594139  
0.1761255306  
-0.1899867196  
-0.1976308203  
