0.1395120904  
0.381083092  
-0.07498118284  
0.5624742963  
0.176752727  
0.2237741527  
0.08272402388  
-0.1813377012  
0.1228020154  
0.3758653527  
-0.06811864198  
0.04995713966  
0.160019774  
0.1743254136  
0.017596468  
-0.2497077539  
-0.07585786273  
-0.002446958912  
0.01247903814  
-0.04886804371  
0.1419809396  
-0.02052363298  
-0.05859655255  
0.260478596  
0.02332522113  
0.2487443233  
0.2109731864  
-0.005195103511  
0.09901341553  
-0.0130583377  
0.03519587894  
0.1447443657  
-0.02663473933  
-0.1368481805  
0.1002916504  
0.09440372602  
0.1256185584  
0.1899833855  
0.05674545926  
0.1164248365  
0.07388714056  
-0.0182724642  
0.2112173493  
-0.2678122861  
-0.1133134412  
