46.63787971  
49.54128223  
-22.8215746  
115.6859226  
-55.16271469  
27.42097585  
-14.75750183  
43.72536205  
7.168149903  
-9.902208649  
57.93233304  
-21.98471285  
37.88951951  
-8.894216459  
-7.286766667  
-21.77828812  
12.87678839  
9.841930077  
-8.94928673  
-14.98403743  
32.06027673  
-28.81444928  
32.4886731  
20.98003897  
50.364894  
-18.41650201  
8.364743531  
6.015822385  
19.41170878  
25.76500842  
-84.87828889  
21.56603801  
-5.218867993  
-11.45083929  
51.33091465  
14.05990829  
-53.4137383  
-69.6871441  
12.58577681  
36.47187627  
30.24750395  
-14.73362022  
-5.251849643  
32.56034204  
-21.52508452  
