0.2127174545  
-0.3170968886  
-0.1557818779  
-0.2279405708  
0.1520029824  
-0.1961336688  
-0.1113361496  
0.3214946573  
0.2905401877  
-0.1696066898  
0.1103270458  
-0.2074276267  
0.3199073095  
-0.4112161929  
-0.09469690037  
-0.5765717269  
0.2293583292  
0.8208111706  
-0.1145213259  
0.4613650687  
0.08761556697  
0.01116479741  
0.01782753233  
0.1361824444  
0.1119053251  
0.08051218261  
0.6204010213  
0.6329096562  
-0.1258726221  
-0.3576952792  
0.277089036  
0.1051789864  
0.5119929133  
0.4711406358  
-0.1603997291  
-0.1259549094  
0.2688699947  
0.09338162313  
-0.04919951179  
-0.3353497597  
0.1002646068  
-0.3621270538  
0.04970032355  
-0.7042673787  
-0.08384929789  
