-0.02377628142  
0.1485303728  
0.2397138293  
0.3651515168  
0.09218446335  
0.3784279323  
0.4557451633  
-0.1158478007  
0.08031028906  
0.1919170919  
0.199617039  
0.2983299836  
-0.0205711585  
0.1267544924  
0.07305511958  
0.03283041579  
0.3152784602  
0.3723061818  
0.1421416257  
-0.007591963244  
0.0006904645642  
0.3250099743  
0.1695681523  
0.3982002266  
0.05870140142  
0.07917369113  
-0.02142672025  
0.08930782768  
0.1114821788  
0.3151077769  
0.1271557457  
-0.1685430162  
-0.04625409886  
0.1979590396  
0.1361448872  
0.1204242379  
0.02316365163  
-0.04387700475  
0.1873122617  
-0.1701593258  
0.08101334918  
0.2177260887  
0.06790990425  
0.02191974942  
0.1836355145  
