0.2312913203  
0.4037280597  
-0.05308625581  
0.2286739915  
0.2571650536  
0.2671707723  
0.1384775641  
-0.1822520209  
0.121387308  
0.4067543379  
-0.06056506925  
0.082297279  
0.01241203793  
0.2124362349  
0.03660944643  
-0.2802704373  
-0.1369890215  
-0.0418901341  
0.003381755244  
0.01832645975  
0.2282720242  
-0.08721577347  
-0.1403164934  
0.2915786188  
-0.0830053356  
0.2386530226  
0.2250052986  
0.039645131  
0.1043660232  
0.01564032599  
0.0448078303  
0.2378333756  
-0.01635992949  
-0.1486224265  
0.04966616639  
0.08034760942  
0.206397372  
0.3216074427  
0.04499733628  
0.1429493086  
0.02801508027  
-0.1039680383  
0.2683445271  
-0.2656064926  
-0.08950769361  
