0.07087821939  
0.3909242627  
0.02664563916  
0.7876060515  
0.1897372997  
0.4864923459  
0.4724153264  
-0.3682743312  
0.02600830033  
0.5404645338  
0.1498583525  
0.2769403329  
0.1639852925  
0.2200506733  
0.08053446001  
0.05588375112  
-0.03785279949  
0.4419034528  
0.05057582608  
0.09692633618  
0.1675668579  
0.002089087995  
0.03578596198  
0.380971528  
0.02210203472  
0.313765389  
0.3001066751  
0.0184563891  
0.1817004911  
0.3586188889  
0.1318108614  
0.05771269831  
-0.2285247422  
0.04797748909  
0.1546200779  
0.1017469342  
0.01409881456  
0.1926175855  
0.07089345592  
0.02326888196  
0.06869349173  
0.04730544016  
0.1462652202  
-0.02474817774  
0.02750873832  
