0.2791900574  
0.2257793291  
-0.09753188178  
-0.3215149993  
-0.06512907186  
-0.07059081489  
0.05278170366  
0.01527662851  
-0.01240154266  
0.224555885  
0.4759307639  
-0.1210187511  
0.5125582398  
-0.06140331242  
-0.02551030488  
-0.07346456537  
-0.08549279641  
0.1011563926  
0.09756233126  
0.4709124063  
-0.3515671026  
0.3224514876  
0.1407982621  
0.1248514371  
-0.03637006903  
-0.4893676136  
0.2640724882  
-0.4054758006  
-0.02831684569  
-0.5092619378  
-0.0192407153  
-0.3204342762  
-0.1763443026  
0.2018619829  
-0.2186639274  
-0.02065653702  
-0.06207533  
-0.0948957349  
0.222556158  
0.08017085198  
0.0140331272  
0.08684362941  
-0.01683933652  
-0.8573068672  
0.03553476713  
