-0.04008900431  
-0.03583198017  
0.06442333037  
-0.113036602  
0.08231215657  
-0.09769396649  
-0.04869410517  
-0.2741027087  
-0.09131372877  
0.1540389841  
-0.1208496787  
0.004251787908  
-0.07802854499  
0.06106940462  
0.05349339334  
-0.4483992847  
-0.01311595301  
0.06837709206  
-0.06966381263  
-0.1633233315  
-0.02486939826  
-0.04905333727  
0.03581665971  
0.3320563273  
-0.03863602031  
-0.3166155003  
0.3264710612  
-0.05685908636  
-0.05959672107  
0.2661747469  
0.0762379722  
0.1664101009  
-0.003543858612  
-0.2051337454  
-0.0129763272  
0.05306810763  
-0.1250142814  
-0.005612851751  
0.09432227186  
-0.02671164207  
-0.005205122134  
-0.06429320901  
0.02817854649  
-0.1832338971  
-0.08680584301  
