3.295770888  
29.37647286  
0.02758520636  
73.14583291  
107.0518195  
0.6178619574  
24.07373404  
-7.393299738  
34.88561658  
-4.212025479  
69.62951673  
31.42388475  
47.17901424  
22.705042  
12.08773313  
-93.59656827  
2.167590875  
46.67628222  
27.07182437  
-0.8979551534  
29.21495911  
-40.48093881  
-4.653000059  
-26.87114711  
39.06964793  
40.77278723  
38.20318035  
70.78892438  
82.22053298  
13.24060948  
-61.22493838  
-24.7233053  
16.0709853  
-46.30854002  
81.25668657  
7.697732338  
11.52123715  
-102.1884344  
-28.9008577  
50.78293358  
38.77993742  
104.819938  
72.12538826  
76.60161143  
9.850946873  
