20.71497513  
8.240740265  
-9.486463784  
9.198547847  
-24.99141603  
10.99756794  
2.885884179  
-1.815454509  
2.653096467  
-17.53359635  
-0.05215851036  
20.43867653  
20.87766723  
-21.15282076  
22.82360937  
14.88120376  
20.92492922  
-13.64659202  
15.39826136  
-16.56663624  
-15.40893064  
-3.229381922  
-9.882824543  
-0.2099899266  
8.163221501  
-2.096258656  
-1.032936578  
-1.225271617  
13.05589185  
-30.13382048  
-99.13607582  
-28.80872643  
13.56913323  
4.517561466  
18.64125358  
25.15556341  
-8.220144331  
-2.760779995  
-5.28995888  
-11.30261876  
-11.4636298  
-33.9676266  
3.927067586  
-4.137677489  
3.393508528  
