65.58535869  
26.23538003  
57.99964329  
-5.258205424  
108.6075438  
61.61550085  
-99.53513963  
-46.35290455  
6.001568393  
-1.176988987  
-29.08725384  
14.39951771  
-6.167450454  
15.06164013  
-20.59383748  
60.67658479  
5.683328935  
-36.62727238  
11.00863856  
-41.42446912  
110.1614505  
24.85298799  
24.08949255  
-2.333199957  
27.96605735  
-6.385834021  
43.76299167  
40.58478151  
-11.38522569  
28.76599548  
14.91994004  
1.13109856  
67.54359077  
63.1020704  
33.39684259  
-1.69697263  
5.747342327  
80.23770477  
4.093199022  
19.66591813  
11.19114514  
-69.95216506  
16.00439969  
110.8669152  
-8.442154582  
