0.1473754434  
-0.4474850139  
-0.2399922528  
0.1633249309  
0.1526464639  
-0.07955665721  
0.1094526389  
-0.3218770857  
0.01522947875  
0.009844234737  
0.3219370751  
-0.3307874557  
0.3896015284  
-0.4253822145  
0.00288029002  
-0.5571280576  
0.3122282192  
0.5168643398  
-0.1268689337  
0.3034692366  
0.1800806042  
-0.3177599998  
-0.0158855387  
0.04765478679  
-0.4461054285  
-0.3038262823  
0.8318185466  
0.2106091981  
-0.5320046837  
0.2707703698  
0.491753737  
0.1922404005  
0.4185166492  
0.5799569677  
-0.06635073041  
-0.2636941514  
0.6231624799  
0.7224076865  
0.1073989116  
-0.1386605285  
-0.0924228779  
-0.206404482  
0.4540693024  
1.018464871  
0.3564267764  
