-0.3386477097  
-0.0235785102  
0.05401962692  
-0.1263151806  
-0.3784866102  
-0.1238756786  
-0.02778100036  
0.05125410575  
-0.05841236872  
-0.03567073746  
-0.1082761975  
-0.07052009623  
-0.02127635911  
-0.02390978941  
-0.08653187013  
-0.2194280894  
-0.158560276  
-0.1222768255  
-0.01167190566  
0.01656250495  
-0.1348159077  
-0.1281342547  
-0.1526767211  
-0.5648134569  
-0.06765754097  
0.1746758827  
0.02407213618  
-0.007022615482  
-0.2163344706  
-0.04137681425  
-0.06860052842  
0.1130737607  
0.1311117682  
-0.2765223658  
0.07844714666  
0.07583083305  
0.07661553556  
-0.01712754549  
0.09713592292  
0.1879527691  
-0.1334095311  
0.03696825914  
-0.09888047233  
-1.11998608  
-0.2467046107  
