0.02452836404  
0.2618214746  
0.006904404344  
0.4370865367  
0.1645343441  
0.2731061929  
0.2331969053  
-0.1620808545  
0.07102427749  
0.3851929967  
0.06086206688  
0.1056567662  
-0.0168772501  
0.108886521  
0.02851403226  
-0.05081313323  
0.0250070929  
0.1828128945  
0.02836491385  
0.06601405114  
0.09624091231  
0.09409177034  
0.01976639943  
0.219235106  
0.03492431226  
0.1479571097  
0.09912063008  
0.0178047813  
0.1202673914  
0.184273819  
0.06895121362  
0.005589811555  
-0.04857642563  
0.01101054193  
0.1465484718  
0.07837835761  
0.0738610834  
0.1601472738  
0.04031880982  
-0.009400460902  
0.06068071636  
0.09473266439  
0.135673501  
-0.04663367383  
0.03369673105  
