0.107472253  
-0.1040976964  
-0.3455027884  
0.03982259825  
-0.1697017818  
0.06705001003  
0.05715213927  
-0.07122220791  
-0.05877453555  
0.2101534551  
-0.01369692927  
-0.06680355903  
-0.04858403588  
-0.07833011928  
-0.01115193749  
0.148018615  
-0.1257871313  
0.008522999768  
0.003582671151  
0.06916872217  
0.04164394857  
-0.06143087335  
0.01816632383  
0.03412982794  
0.0901523155  
-0.0844029921  
-0.1660869165  
-0.06022085413  
0.03222711447  
0.1444981905  
-0.02440455989  
-0.06610584317  
-0.1710677879  
0.07135883712  
0.07667186287  
-0.04904959039  
-0.07348382103  
0.07719679073  
-0.01908880729  
0.1921851012  
-0.1441887872  
-0.02958108725  
0.1075313073  
0.2720048921  
-0.1819000587  
