-0.1304298896  
-0.1053424752  
0.1025904512  
0.1021686649  
-0.1681150735  
-0.08676097603  
0.09512244532  
-0.1255890581  
-0.006015029447  
0.2393725776  
-0.05867121499  
0.04352046478  
-0.07137803887  
0.1091412366  
0.1251669854  
0.1276689844  
-0.119406355  
0.09616584154  
0.005779119289  
0.4278182788  
0.129224401  
-0.05954900592  
0.0515095785  
0.4488977492  
-0.1225294148  
0.4289410363  
0.2163729254  
-0.01225396799  
-0.03864687981  
0.3014681084  
0.1562142481  
0.2667600212  
-0.2155120069  
0.1180502041  
0.2217181696  
-0.04762566862  
0.1447339514  
0.1985779017  
0.2597459061  
0.01017969648  
-0.06401205239  
-0.04747996694  
0.1113925402  
-0.280469389  
0.04975397801  
