32.96444919  
93.93059033  
70.29473762  
17.77730758  
254.522949  
4.570020887  
56.39173606  
-20.07890285  
67.37238974  
-33.66018785  
23.56642878  
25.19440917  
83.50285757  
145.6808588  
-26.53998502  
-15.51932962  
-13.35465583  
10.41639783  
34.40200986  
18.42613401  
44.24453048  
23.98399537  
21.0941147  
-5.725017184  
-35.25016517  
183.3287947  
75.2371118  
87.2069587  
92.47644543  
87.44819705  
8.834699137  
28.72042011  
145.1735014  
37.17262653  
81.54359375  
4.413657616  
35.75060626  
23.82619346  
31.01729155  
59.37099454  
68.35388905  
81.31694901  
73.32917702  
124.6981233  
16.29195303  
