-0.1571039927  
-0.2411820795  
0.2224181785  
0.3028504175  
0.3870908854  
0.1161860319  
0.4672716164  
-0.5657372518  
-0.2314726371  
0.1097361172  
-0.2534186464  
-0.04074394575  
-0.01081933346  
-0.5718171621  
-0.03311905549  
-0.3926215255  
-0.03241411311  
-0.1337161995  
0.05210646206  
-0.3309149717  
0.1930010336  
0.007939344124  
-0.5112052175  
-0.2828083232  
-0.02606071108  
-0.4486724198  
0.05446185459  
-0.05759548594  
0.03568882111  
0.4934712663  
0.1507140788  
-0.006467988226  
-0.2357067738  
-0.12616627  
0.1318767672  
-0.09660067818  
-0.1024249457  
-0.1561090194  
0.1540158499  
0.128957264  
-0.1779682483  
-0.0558759682  
-0.03922248442  
0.2872451301  
0.06782275204  
