0.1693527813  
-0.02605773613  
-0.06397451545  
-0.2211791913  
0.01859131033  
0.01432917383  
0.001296157672  
-0.06020441772  
-0.05882318324  
0.1790872924  
-0.0003215119501  
0.06837408776  
0.1678090869  
-0.03770471403  
0.02894202074  
0.1085693977  
-0.0397976413  
0.02920905304  
-0.04419665092  
-0.0228003587  
0.1405549818  
-0.008417493062  
-0.1411474411  
0.1002777655  
0.02965028481  
0.01853352444  
-0.02356239249  
-0.03846131171  
-0.1039850698  
0.01751688212  
0.007096622424  
-0.09424213126  
-0.0120480276  
-0.02458183634  
-0.09843589064  
0.0314205097  
0.0467525296  
-0.01326432957  
0.04372452736  
-0.07652932025  
0.02806767328  
-0.07202476933  
0.03167345824  
-0.04706143835  
-0.223286172  
