19.08529793  
25.57105301  
5.463392258  
34.5605584  
56.40776487  
11.20286479  
13.41874058  
26.30901381  
-1.351735684  
-3.133884097  
56.61179466  
-40.05165234  
-11.33037732  
27.00588386  
9.71392695  
-0.6243146004  
-20.05732571  
-27.10431028  
-11.75317952  
11.5885605  
29.9533044  
-0.9047611817  
-11.73635308  
-1.187719564  
-16.79032566  
-2.624404377  
0.1582448992  
0.9907732817  
-5.032301486  
29.48985645  
-33.31970486  
-19.70230712  
1.493929809  
-13.88810707  
11.62354624  
-3.870179907  
8.22259226  
-24.01139796  
-18.94736499  
30.11664762  
-11.13956846  
59.86534605  
15.79500555  
13.47591416  
-43.65451051  
