0.1533767103  
-0.1919116013  
-0.08409129565  
-0.1369644214  
-0.1950322862  
-0.07321592401  
0.1226302593  
-0.0816071805  
0.06031487055  
0.1360100236  
0.02921442814  
0.02687349142  
0.09212904856  
-0.1755975234  
0.01464669826  
0.0859349824  
-0.026299795  
-0.06397607328  
0.03716696237  
-0.0560078885  
0.04882450953  
-0.2045628598  
-0.1831121751  
-0.017800792  
-0.07784070017  
-0.1834443616  
0.05604710096  
0.145530343  
0.0515515201  
0.176163423  
-0.04216418373  
0.1732944588  
0.04998538694  
0.07672429782  
0.01191292624  
0.01307598809  
-0.02887132938  
0.03605922768  
0.07663513067  
-0.1523042115  
0.1069791666  
0.1380862444  
-0.01096514131  
0.2645127478  
-0.04972391747  
