-0.0208570791  
-0.1512056638  
0.02689226823  
-0.2704264065  
-0.1372876115  
0.002272110636  
0.08966394915  
0.01321001125  
-0.07949557564  
0.2357509134  
0.03482934437  
0.03979072666  
-0.0777362369  
0.003253641788  
0.01287888059  
0.1287672169  
0.04572866061  
0.1855261969  
-0.01257514638  
-0.008404220188  
-0.00437690592  
0.08472028637  
-0.002973118814  
-0.1384977983  
-0.01211579554  
0.03829480784  
-0.1168480496  
0.01414510494  
0.05408733999  
0.2194278103  
0.0331084358  
-0.04634534701  
0.0210994794  
-0.02094231835  
0.08213888928  
-0.0282259627  
0.007224387057  
0.2005137874  
0.04620702057  
-0.1286820433  
-0.1012352248  
0.06451644688  
-0.04524292082  
0.1561687137  
0.062557138  
