-0.4100056006  
0.061523832  
0.1084953842  
-0.1731519012  
0.109954731  
-0.04856293244  
-0.2225879114  
-0.07707262947  
0.009571333496  
-0.1127572501  
-0.05861619692  
0.3335408937  
0.1079548242  
0.202778321  
0.2150979231  
0.09723421638  
-0.2795701568  
-0.04123383381  
-0.07716820034  
-0.1967436351  
-0.007544971997  
0.1695752452  
0.002619638266  
0.1403110621  
-0.2077554339  
-0.03532346997  
0.03834472587  
-0.03085960305  
0.1285016602  
0.1080560423  
-0.1987729919  
-0.1358741329  
0.05903054059  
-0.08956640844  
-0.02463789503  
-0.05198552453  
0.03932116904  
0.07677472537  
0.03386118777  
-0.06475646869  
-0.05327499371  
0.1514512048  
0.03419161056  
-0.03609111904  
-0.1737409661  
