-0.01194595807  
-0.03184099207  
0.04952590705  
-0.4031817226  
-0.02208565085  
-0.1410671517  
-0.1409403034  
-0.008083806314  
0.2004808427  
-0.04067141688  
0.09855324151  
0.1021181377  
0.02676410813  
-0.06763067826  
0.01960965131  
-0.2552467865  
-0.01083248698  
0.0252153499  
-0.07617663459  
-0.218569424  
-0.1995131431  
0.04348123898  
0.1145842376  
0.1930763492  
0.05708480716  
-0.08504388276  
0.1639976871  
-0.07863838609  
0.02487521083  
-0.1730383501  
0.1484380665  
-0.04552353081  
-0.05001454942  
0.04753462634  
0.01090539672  
0.06296728904  
-0.007230449994  
0.04815464188  
-0.06815070139  
-0.2549637506  
-0.009770619727  
0.009128355823  
0.04274323449  
-0.00338616395  
-0.0744240683  
