-0.1563209262  
-0.06769553402  
0.1854463352  
-0.02506671332  
0.1518994069  
-0.092512706  
0.08298643794  
-0.06746904326  
0.02533650381  
0.04886504853  
-0.02527387097  
-0.0398529276  
-0.04783481858  
0.009510914006  
0.02312125444  
-0.1457642829  
-0.006324410862  
0.0448051393  
-0.04209208998  
0.1850061571  
0.04170604683  
0.07038992519  
0.04375643598  
0.1682846993  
-0.07345540878  
-0.1279633834  
0.2241438249  
0.004756125024  
0.0342577999  
0.2286431298  
0.06366696943  
0.1168522511  
-0.09118337018  
-0.07461536401  
0.02923462042  
0.04454637084  
-0.04647005156  
0.1333091364  
0.1374480112  
-0.2023650688  
0.03493982773  
-0.03379577999  
0.08807927508  
-0.02965120458  
-0.1755732812  
