-0.08040991043  
-0.06250832011  
-0.06452151582  
-0.48187824  
-0.04708686781  
-0.09737853211  
-0.005446789439  
0.01181372926  
-0.1039783697  
-0.1777680058  
0.04342086673  
0.08471357473  
0.07604140172  
-0.05682546129  
0.1019731555  
-0.2091138847  
-0.08415459324  
0.2031141989  
-0.09727965871  
-0.2993883462  
-0.005088742009  
0.03304818756  
-0.187506376  
0.06250221437  
-0.09256234406  
-0.04091550933  
0.1324039351  
-0.06142034089  
0.0694393344  
-0.2806117819  
-0.01235514338  
-0.1536987427  
-0.1531808099  
-0.1608101252  
0.008026531056  
0.0824139137  
-0.1808338009  
-0.0780349116  
-0.1085618956  
-0.09457883642  
-0.08293723059  
-0.04233040932  
0.2234214925  
0.1689270895  
-0.09841799733  
