-0.01278958161  
0.01444996326  
-0.1549656403  
-0.1007086716  
-0.1536623653  
0.0169276794  
-0.08226492074  
-0.02699046817  
0.08997733929  
0.1184052801  
0.0170134864  
-0.01917561066  
-0.02572727908  
0.008240067095  
-0.06746578901  
-0.07743910932  
-0.1508120792  
0.1769111133  
-0.04140887367  
-0.2164536424  
0.09186380728  
-0.1003100051  
0.02950535248  
-0.0829000425  
-0.09332956473  
0.09662844865  
-0.2213130829  
-0.02632496192  
-0.05767862897  
0.03039779677  
-0.02557747877  
-0.09892310873  
0.1714772422  
-0.1233827521  
-0.01293166898  
0.05253472579  
-0.005035245498  
-0.1070787505  
0.07582150654  
0.05039948422  
-0.1421886426  
-0.03209535139  
0.1540899859  
0.1088379823  
-0.2755604037  
