-0.1243335034  
-0.0277733974  
-0.1045716006  
-0.01386920556  
0.1082961505  
-0.006942084312  
0.01236533205  
-0.07887964706  
-0.01077602782  
-0.05938515364  
0.04681715281  
-0.009431638642  
-0.02228021532  
0.04330651998  
-0.1234943385  
-0.004401696258  
0.01080800029  
-0.1032489942  
-0.03371351363  
0.05151609461  
-0.1402035123  
-0.1416330518  
0.06083426493  
0.05011851061  
0.1860629032  
-0.1742990783  
-0.008425937537  
-0.1135038411  
0.000482651217  
0.2040824105  
0.1342859869  
0.1491264703  
0.0530859009  
-0.1556335936  
0.098776648  
-0.03214045151  
0.05164995043  
0.06827397097  
0.04889366129  
-0.2151285197  
-0.06948551661  
0.2355193111  
-0.04007565644  
-0.1244941356  
0.0561993807  
