-0.01964949689  
-0.001287515146  
0.2077751798  
-0.3502735375  
-0.08797894702  
-0.1459837279  
-0.02685420466  
-0.03491972731  
-0.03778102538  
0.06385305359  
-0.1010412542  
0.05541653035  
-0.04833165342  
0.03047333761  
0.009010935656  
-0.2549074024  
0.03612338832  
-0.02617882206  
-0.05361969172  
-0.1117862235  
-0.04475503268  
-0.05133796191  
0.08857433679  
-0.10629895  
0.04267559278  
0.03051191431  
0.08505493714  
-0.02992276283  
0.02859398719  
0.09156188811  
0.09081379428  
0.06184347262  
0.04977825561  
-0.09873638932  
-0.04691065881  
-0.01298332178  
0.0122089694  
0.1050106774  
0.05539890786  
-0.1134136098  
0.01784736801  
0.0491221007  
0.05343277561  
-0.2232081363  
-0.1759400678  
