-0.1293119289  
0.109658028  
0.07041645983  
-0.2575904483  
0.07032089375  
-0.1095449038  
-0.003878154479  
-0.08372989718  
-0.09766951495  
0.03357059546  
-0.01008040382  
0.05542786917  
0.01484354067  
0.1522835485  
0.05594720077  
0.0791417962  
-0.1261836699  
0.08919179355  
-0.07070640553  
-0.1620460619  
-0.06295108911  
-0.03083564494  
0.09475695852  
0.1084702028  
-0.02745816514  
0.02203354899  
-0.05796936418  
-0.08514913561  
-0.01508041586  
0.1406736559  
-0.001349665501  
0.06173869489  
-0.06556587333  
-0.08680232229  
-0.06190525376  
-0.1190355757  
0.06114402376  
-0.01002771624  
0.02899574019  
0.07464327031  
-0.06572538219  
0.1366600925  
-0.1189113797  
-0.2408837521  
-0.1235707483  
