-0.05759133994  
-0.01580185558  
0.09749440634  
-0.155147096  
-0.1138213999  
-0.03764179527  
0.04590793949  
-0.08736700756  
-0.04458459581  
0.2040825346  
0.08249748726  
-0.08543360555  
-0.06451579955  
-0.069098769  
-0.00573097842  
-0.06901766185  
-0.08062786405  
-0.01299118061  
-0.0242493721  
-0.1290708262  
-0.09017986562  
-0.09379145849  
0.07197442558  
-0.0005454636581  
0.1521073193  
0.02527745365  
-0.1168377014  
-0.05980035154  
-0.031271479  
0.1756979532  
0.07054284355  
0.05192112007  
0.1577175512  
0.08111767508  
-0.01900393825  
0.01820264756  
0.1413436392  
-0.07397083754  
0.05511214298  
-0.223751197  
-0.02868451722  
0.01313823059  
0.02667520406  
0.006731163398  
-0.1568584705  
