-0.2046352971  
0.09439296156  
0.08337373099  
-0.3967194637  
-0.1362740463  
-0.1062165311  
-0.0998924527  
0.1162108963  
0.06798129455  
0.01244906413  
-0.1148136947  
-0.03923294015  
0.005983554432  
0.1471389015  
0.02663849943  
-0.3079382633  
-0.03654490652  
-0.003316054798  
-0.04751961588  
-0.1816820463  
0.09409534963  
0.2408716342  
0.08404274384  
0.06518192809  
-0.09805698474  
0.07925723604  
-0.02450591147  
0.05871307881  
0.1208531242  
0.01501498451  
-0.1280823384  
0.05231438861  
0.04271566293  
0.02049966114  
-0.01368002396  
0.0535083812  
0.04987458279  
0.02427038476  
0.06660047959  
-0.08870659752  
-0.08341934438  
0.1860939231  
0.2154441876  
-0.07083453174  
-0.1826851353  
