-0.01517297599  
0.1004205892  
-0.1995873164  
-0.1205978279  
0.01317871364  
-0.05120284874  
0.04607910045  
-0.03091936331  
0.08964897066  
0.07129768738  
0.002114987608  
0.08866417029  
0.07901047423  
0.1513581922  
0.08074306289  
0.02707913263  
0.1765264221  
-0.2196084027  
-0.03617707201  
-0.0493081079  
0.001757331835  
0.1694585328  
0.03355831724  
-0.02771817878  
-0.04524024737  
0.02912553915  
-0.05916684788  
-0.0849369457  
0.1089819231  
-0.004315795191  
0.01149898076  
0.08217807612  
0.1309510345  
-0.1459415358  
0.1438067231  
-0.1178507401  
0.1855474614  
-0.03110544876  
-0.007594875976  
-0.302701309  
-0.1681079635  
0.4726563317  
-0.03079855398  
-0.05248625309  
0.09705364226  
