-0.2125199709  
0.1305122896  
-0.003135045341  
0.118194523  
0.1263038427  
0.09222044547  
0.1409237564  
0.05009987071  
0.1293291754  
0.03919229983  
-0.0335429139  
-0.009916256584  
0.1295742091  
0.01962759863  
0.1705096011  
-0.01952511307  
-0.03650096779  
0.1655562871  
-0.04611507257  
0.0237926782  
0.0260245634  
0.1500910383  
-0.1337565464  
0.2262085627  
-0.2612671309  
-0.02776063397  
0.2659866147  
0.03569367967  
0.03611666913  
0.3062534311  
-0.05420908076  
0.0354807406  
0.1340817511  
0.07015125081  
-0.02213648282  
0.1359209566  
0.2458389172  
0.04958502065  
0.1106407638  
-0.179134261  
-0.06906927929  
0.07249898271  
0.09878952314  
0.03652598929  
-0.05083771326  
