-0.2606012704  
-0.0448488398  
-0.8945359713  
0.05244312372  
-0.1822255218  
0.05829083753  
0.06205609549  
-0.02117001618  
0.120875786  
0.1251071673  
-0.275891723  
0.06597266271  
0.1168534174  
0.00492962391  
0.08136414774  
-0.1609465912  
0.3581008823  
0.2218915528  
0.02833644025  
0.1226075903  
-0.0502676757  
-0.3638428501  
0.04472135124  
0.03554184509  
-0.172270178  
-0.0577865291  
-0.2697655492  
0.08438696925  
0.07801982388  
0.01131433873  
-0.0846109704  
-0.1827357199  
0.02661903144  
-0.2936464924  
-0.09813741271  
0.2035484414  
0.04468857463  
-0.3414124811  
0.1852557847  
-0.1363573837  
0.141531666  
-0.04813405792  
-0.2082585538  
0.1629618418  
0.05360070645  
