-0.1671014767  
0.1379210899  
-0.05494478357  
-0.01584200444  
0.1680000387  
0.1765580211  
0.01973878002  
0.06719288765  
0.06170255639  
0.04500803224  
-0.1635703177  
-0.005770292895  
-0.04949598271  
0.03572939055  
0.05985225459  
0.1821965421  
0.05865548124  
0.01168238344  
-0.05389446229  
-0.1499882632  
-0.07131943181  
-0.1539133381  
0.1149896256  
0.05266439891  
-0.1394681757  
-0.2070607474  
0.001820571813  
-0.03111441435  
-0.0004924949519  
0.07837815396  
-0.00365061441  
0.2401736371  
-0.004735360139  
0.2119062547  
-0.07079611438  
0.1999202184  
0.1675566014  
-0.142712018  
0.04997097651  
-0.1209679573  
-0.01106910494  
-0.005037509656  
0.0561340777  
-0.3028605945  
-0.08968424968  
