-0.2047885927  
0.09514252133  
0.08049252653  
-0.4005023764  
-0.1360485322  
-0.1051749287  
-0.09827601335  
0.1171565476  
0.06910796534  
0.0118653078  
-0.1159003112  
-0.03939605831  
0.008124967958  
0.150054057  
0.02707007395  
-0.3107800824  
-0.0367250724  
-0.002782520757  
-0.04888639575  
-0.1741559289  
0.09400373366  
0.2417337125  
0.08233548487  
0.07204295209  
-0.09693591314  
0.07383353186  
-0.02748149368  
0.06159548725  
0.1229002465  
0.01359015673  
-0.1282110257  
0.05494429605  
0.04384694149  
0.02018490855  
-0.01154919587  
0.05468164747  
0.04913557159  
0.02401077386  
0.06503397239  
-0.08731187149  
-0.08377509619  
0.1878829977  
0.2182981372  
-0.06751603115  
-0.1827312576  
