53.42548661  
33.8752198  
96.6227237  
60.0548779  
-93.9050355  
2.196248799  
-6.932538091  
18.38023118  
57.89840926  
3.614370124  
19.1238086  
11.08550442  
28.32419965  
9.020797323  
42.69592494  
-39.16371043  
69.3839128  
-10.3155463  
14.91481498  
-46.91158637  
82.13438264  
2.860612716  
35.2963322  
-23.60327996  
78.18628245  
8.526205258  
92.09908866  
29.50535462  
2.118342976  
-51.17782895  
-42.03250697  
36.73803847  
17.01346684  
51.68878419  
90.1349213  
-49.28676582  
14.19047718  
-34.88947391  
2.966257593  
27.17224774  
14.87666489  
145.0721652  
19.1440833  
79.62137953  
-22.96112376  
