-2.31004958  
-7.936080146  
-27.82950748  
5.707776557  
42.91406454  
28.4145409  
0.07387282886  
3.594355653  
-1.38382048  
10.49067248  
1.926012872  
-16.94313747  
-4.416052053  
-2.687684055  
-15.59920024  
-1.869320363  
-36.06789464  
17.4325113  
-22.02539209  
14.31012524  
2.106464688  
-8.99542375  
-19.04175945  
9.253936615  
-9.787905678  
7.848118485  
-20.57340058  
-5.722897489  
2.195583242  
-20.01496465  
12.24442053  
13.34188371  
19.53015207  
-2.557224429  
-18.11645898  
25.23574118  
-21.66629508  
19.65800154  
33.06956731  
-3.357070604  
9.060010098  
-171.901  
-13.68057089  
-2.817894846  
55.07727855  
