-0.4157905084  
0.0603720909  
0.1087841201  
-0.1735565026  
0.1134955998  
-0.04911873917  
-0.2238275954  
-0.07627201119  
0.008661613253  
-0.1129897599  
-0.06160920968  
0.3333966369  
0.1077484501  
0.2013072181  
0.2168779918  
0.0974050072  
-0.2808275745  
-0.03861768828  
-0.07859026237  
-0.1923626906  
-0.007009833279  
0.1684791649  
0.001610483671  
0.1461319874  
-0.211626325  
-0.03595195298  
0.04335229592  
-0.02773165467  
0.1313457799  
0.1060664159  
-0.1981577879  
-0.1330084409  
0.06173273601  
-0.09040966254  
-0.02216073369  
-0.05132112612  
0.03672431795  
0.07747987266  
0.03211422056  
-0.06490960273  
-0.05208369165  
0.1521988113  
0.03166767773  
-0.03528258659  
-0.1738307025  
