-0.2093662761  
-0.1722614544  
-0.4255954404  
-0.05551092983  
-0.1200505883  
0.1369033583  
-0.1616330162  
-0.1322796465  
0.1186521689  
-0.1787153711  
-0.1643187939  
-0.5440984659  
0.2500340989  
-0.182151961  
-0.133554096  
0.2712634463  
0.3321456733  
-0.2083981339  
0.00961051086  
-0.1893453499  
0.08177831411  
-0.006189282922  
0.04290619718  
0.350181614  
-0.1525938826  
-0.140672333  
-0.370314104  
0.01515778386  
0.2536319367  
0.1464038649  
-0.1924998117  
-0.3278365584  
-0.1407243828  
-0.281780638  
0.04750330888  
-0.02919320304  
0.2586710165  
0.446625868  
0.2309057026  
0.1882166457  
-0.1206476931  
0.3005200052  
-0.3736805941  
0.007817636195  
-0.3051314099  
