-0.08527372366  
-0.03105035785  
-0.5251157723  
0.02892880367  
-0.008866986064  
0.0522110544  
0.3750457132  
0.2838284846  
-0.09385787072  
0.005899904038  
0.1435877845  
0.3193144869  
0.3963086621  
-0.03350246541  
-0.1086806327  
0.3103311334  
0.0939361071  
0.02242978317  
-0.04455228412  
-0.3678239958  
0.02242406262  
-0.3139407068  
0.07244685766  
-0.6102819255  
-0.1463571204  
-0.07731393759  
-0.09915632588  
0.01866913636  
0.08664418659  
0.07839730323  
0.1076195631  
0.2212499478  
-0.4067308518  
-0.2461849158  
-0.3232367172  
-0.2666052915  
0.4047279802  
0.230340015  
-0.1132211417  
-0.1436604236  
0.2012090381  
-0.00906368584  
-0.1972302634  
0.1728299581  
-0.1629548332  
