-32.04895545  
8.306612598  
-24.66196722  
-56.07757216  
46.86137243  
1.912199795  
-14.79546039  
-4.440857667  
-18.26851336  
-5.888400329  
8.689615789  
-33.97649846  
3.265029538  
0.7474585521  
16.81740313  
1.329981711  
0.7354895629  
-17.32787281  
5.736146961  
-4.235564337  
-47.7725721  
-19.59413423  
-19.65802446  
-35.54001999  
-51.05077419  
-3.698195915  
-20.48476881  
-11.34055275  
-6.31605622  
-28.75583923  
-36.67923013  
3.232985874  
-5.566673114  
-18.54456101  
-6.353486752  
-30.10383955  
-35.71504246  
-0.8899394235  
5.230883913  
-1.752985538  
-15.48643907  
-47.19442436  
-26.67087811  
-68.79802129  
11.3596328  
