-9.549172134  
0.5900150007  
-8.54377559  
-10.05378576  
95.29622346  
3.082852715  
-4.792419011  
-14.33123256  
-0.9758765526  
-2.117976818  
8.951083065  
13.99354511  
-18.26724939  
13.98303647  
-10.44681585  
29.39484414  
1.331040362  
18.76546344  
-6.922837074  
6.521371268  
-2.641640642  
-2.863930466  
-21.3811626  
-4.344224747  
-39.60324473  
26.77132222  
-20.66395612  
35.7477894  
-0.1907722822  
-3.700458833  
-44.26733381  
5.888378819  
16.30500149  
-16.25750024  
-16.94620353  
-29.86426297  
-3.937450614  
24.8869094  
-6.71997127  
15.30979202  
8.912277821  
-15.62052842  
-7.876717784  
-14.86560991  
21.68453132  
