36.60166747  
21.80748114  
57.73721656  
22.17581442  
-20.88439044  
-12.50742135  
-5.169190316  
0.2112263433  
29.68465963  
-4.303129403  
13.43512255  
20.8774242  
8.945161315  
13.83890328  
24.25628757  
-3.263400978  
53.15136663  
-4.432330659  
14.14212247  
-27.73975283  
38.73743567  
4.659356988  
16.72286249  
-18.73819234  
24.61125207  
13.10704079  
48.36425378  
33.57842157  
0.9541510869  
-16.49954503  
-49.27213021  
14.31544593  
7.649112782  
18.94461212  
45.47549819  
-51.85611684  
13.90082241  
-14.24995572  
-20.39628089  
23.20115002  
7.270890404  
150.6763189  
13.10071873  
33.78683233  
-28.5782941  
