-0.07008165554  
0.008342714665  
-0.2268379894  
-0.02286809935  
-0.1997594815  
0.05355423773  
-0.130391052  
0.02042258385  
0.1525490194  
0.1251362924  
-0.07697812385  
0.09485321955  
0.0325266085  
0.1421781281  
0.1336426249  
-0.02916950394  
0.01089861888  
0.1292322393  
-0.0261412405  
-0.002940724532  
-0.1242703399  
-0.1082202333  
0.0633943619  
-0.01268590568  
0.05212411166  
0.004250331974  
-0.2908520998  
0.04546790562  
0.07805110463  
-0.07351152557  
0.01396943187  
-0.1669959028  
-0.1311786398  
-0.009135679505  
-0.04058020622  
0.05850197024  
0.03914938423  
-0.2320048497  
0.07103986086  
0.02949060048  
0.04014879242  
-0.02511366932  
-0.03520855465  
0.06070058459  
-0.1481391699  
