-0.1748137803  
-0.07466854369  
-0.6241558594  
-0.4309315811  
-0.06403633013  
0.04957002084  
0.1095102591  
-0.1311648131  
0.2023376473  
0.01478975396  
0.05428373902  
0.1189656969  
0.02327624787  
0.04622383501  
-0.1120241046  
-0.7395740181  
0.1691904029  
-0.2395027899  
0.108765016  
-0.4406102425  
-0.06042358877  
0.08694284736  
0.1061229799  
-0.2523047924  
0.04318506923  
0.04766854173  
-0.4677926804  
0.2107144671  
0.3289747795  
0.1992141617  
0.08014150763  
-0.1581676981  
0.05276608104  
-0.1234109533  
-0.015249985  
-0.168371844  
-0.4239903939  
-0.45825204  
0.2720557094  
0.233616201  
0.05344845249  
0.05719371057  
-0.08656396705  
-0.596895381  
-0.2986548661  
