58.38441186  
55.53358842  
90.91376967  
67.16378563  
-55.26847549  
0.2327384645  
-61.88596142  
62.34937333  
88.96576639  
-0.5259091499  
140.7351766  
-20.06742773  
60.28736048  
-7.927273127  
67.93824646  
13.73473782  
47.95128365  
-87.60720012  
3.179580915  
0.2015378172  
64.2237617  
42.92265312  
37.88269161  
-53.11083026  
58.40127923  
-14.9666853  
2.598439947  
-3.381001545  
9.62449208  
-57.20485583  
-45.69749146  
63.18271267  
52.82389286  
58.5213561  
88.91149068  
-71.62503993  
-19.27892575  
4.041513906  
43.83933076  
40.78709105  
36.8036173  
202.5690431  
-0.0717696392  
-4.385618135  
-17.09742684  
