-0.08096308724  
-0.0602786836  
-0.0678877837  
-0.482119558  
-0.04613445663  
-0.09682997152  
-0.005612235538  
0.009295512568  
-0.1061089938  
-0.1774752378  
0.04432318812  
0.08636528541  
0.08016816791  
-0.05776862563  
0.1023346014  
-0.2081101908  
-0.0859609165  
0.20442481  
-0.09731286155  
-0.2952288272  
-0.002656411483  
0.03549700768  
-0.1837298479  
0.06143548805  
-0.09158798826  
-0.03777969775  
0.134163947  
-0.05962075424  
0.07058333352  
-0.2906783007  
-0.01314052386  
-0.1549351929  
-0.1510055451  
-0.1584003202  
0.008797916919  
0.08477101304  
-0.1835605773  
-0.07914952732  
-0.1106429993  
-0.0928540798  
-0.08480666668  
-0.04245168976  
0.2283680993  
0.167309955  
-0.09591641898  
