-0.2629769725  
0.3099623785  
-0.2015176494  
-0.06787132668  
0.01523525513  
0.4000579934  
-0.03528267538  
0.1629421193  
0.1970003333  
-0.05832825325  
-0.3618080389  
0.09024982739  
-0.1323171114  
0.1568645179  
0.00640148096  
0.102488027  
-0.2603931274  
0.0438000752  
-0.03406785096  
-0.6195613844  
-0.08888017266  
-0.4769518799  
0.03265950292  
0.01481643322  
-0.2565985686  
-0.1947020221  
-0.1568390764  
0.04492895615  
-0.1050551568  
0.3189959252  
-0.09634158417  
0.4035705877  
-0.2537744709  
0.3184825785  
-0.3210166116  
0.007357461317  
0.09274377095  
-0.9111368452  
0.1278481692  
-0.05350140921  
0.01768827605  
0.03656216074  
-0.01686870725  
-0.7899231095  
0.0007928720871  
