0.001442598494  
0.04303990212  
-0.1944777895  
0.1986133572  
0.01116378391  
0.01183041529  
0.1873734051  
0.01851088372  
0.1827087344  
0.2473309436  
-0.08144531592  
0.1836949293  
0.07056561739  
-0.01826856794  
0.1918056873  
-0.07301006072  
0.007806865598  
0.2511828479  
-0.04180183398  
-0.09013937098  
0.03255767643  
0.07371323499  
0.07806077201  
-0.06832030784  
0.1412757014  
-0.2059370847  
-0.001731234097  
-0.0571030924  
0.09440372028  
-0.0003536235136  
0.1926166121  
-0.2030109516  
0.04508643465  
0.2384987065  
0.1566402195  
-0.09709942133  
0.08327197923  
-0.006359558135  
-0.1190499338  
-0.02215972835  
0.02979359473  
0.4501049507  
-0.0782857804  
0.09351745864  
-0.02801444663  
