-0.2113090893  
-0.1161381301  
0.0762482431  
0.1409352896  
0.1680435895  
0.09421937376  
-0.2670341543  
0.0135323516  
-0.05912069439  
-0.03393963934  
-0.05125386734  
0.01095946536  
0.008320391357  
0.1933683578  
0.03682492541  
0.2786591184  
-0.2638793331  
0.1618766782  
-0.1167782881  
-0.2729608025  
-0.02214715404  
0.00765063246  
0.06488479664  
0.1163540165  
-0.1352540801  
-0.152117017  
-0.1286685901  
0.01140040855  
0.08148073151  
0.07468579492  
-0.06584899211  
-0.2076631779  
0.04103594912  
0.01211817373  
-0.05592885566  
-0.07737354687  
-0.08173686197  
0.4124449958  
0.1096440563  
0.02114890874  
-0.03717625331  
0.30590574  
0.01942673806  
0.3613554904  
-0.06901704439  
