-8.418983847  
-10.20042486  
-41.14078932  
-51.65600762  
-5.845504358  
5.195798153  
-27.9506364  
-23.71705565  
-16.5196642  
1.426627192  
-56.88139236  
-9.804267897  
-9.409091504  
8.127198704  
17.79413051  
-25.09178959  
-5.224620398  
18.96286914  
6.444110375  
-26.11160922  
-18.51631611  
-26.02511813  
-19.63350348  
-18.44800695  
-29.24438389  
7.853276748  
29.48043026  
-1.149963647  
-7.733928728  
-27.84786814  
-26.54541788  
-14.15892763  
-19.47068003  
-15.97400525  
-11.34958549  
-26.96036886  
-22.88241115  
-21.6074626  
-16.16050719  
-12.01138039  
-20.60158014  
-58.20625334  
-13.71712802  
-7.26542316  
6.170272245  
