-0.01074038593  
0.01448753769  
-0.1591485737  
-0.09954403967  
-0.1529382368  
0.0191751646  
-0.08440782129  
-0.02749360816  
0.09020953417  
0.1191721984  
0.01607686041  
-0.01944707146  
-0.02663127989  
0.01027330728  
-0.06928495921  
-0.07327765683  
-0.1578713149  
0.1782943544  
-0.04247728299  
-0.2158528596  
0.09245836367  
-0.09791168797  
0.03137757788  
-0.08409218577  
-0.09458519331  
0.09540703432  
-0.223404844  
-0.02357482874  
-0.05683132656  
0.02866427829  
-0.02573762058  
-0.09931678706  
0.1722072474  
-0.1243726089  
-0.01335956464  
0.05636279282  
-0.007291802862  
-0.1086745611  
0.07660629389  
0.05143452899  
-0.143279737  
-0.03264607528  
0.1578338614  
0.1102771735  
-0.2767046419  
