-0.2050113421  
0.01171467078  
-0.2944016676  
-0.1088077625  
-0.1291905443  
0.04285254881  
0.4679903324  
-0.2901689112  
0.3095963495  
0.558610695  
-0.2251261053  
-0.06288873316  
-0.09743774606  
-0.02590330156  
0.02492689028  
0.01626638122  
0.2417169409  
0.1032613264  
0.06776234439  
-0.01163063223  
-0.05472458148  
-0.2190664743  
0.1806780729  
0.1775557722  
0.2504529704  
-0.2516815802  
0.3741128447  
-0.09673135943  
0.3349534328  
0.2850657768  
-0.0612644325  
0.03605041877  
0.5049370237  
0.03589658288  
0.03320528116  
-0.6193808796  
0.07624328009  
-0.4195605085  
-0.3206003714  
-0.2830252898  
-0.02188098293  
0.3722592769  
-0.6171480794  
0.09545701781  
0.05720342695  
