-5.068747538  
-3.418401015  
-63.1804377  
-43.34296594  
-5.738472024  
8.761340876  
-96.48553815  
-3.33616981  
13.74781274  
8.479616381  
3.44650784  
-14.55300797  
9.598497356  
-4.818484548  
43.16128066  
2.187027377  
-31.58606725  
-21.92376331  
-3.766246729  
1.89253432  
-20.60349439  
2.156140193  
-16.81287657  
-26.14918971  
-23.93318215  
-4.246826097  
-16.8459393  
-22.75701578  
1.618249576  
-42.94810999  
-20.07658933  
0.03996893685  
0.8151842857  
-6.064358689  
-18.11614  
-32.92633799  
-43.76073669  
-5.010458662  
-1.442113808  
-7.481195646  
-1.78384339  
-11.72120562  
-19.10730847  
-29.73982206  
8.640075902  
