-0.01447301242  
0.1012993958  
-0.2013183192  
-0.1230383022  
0.01428141747  
-0.05182015037  
0.04651543321  
-0.0333485731  
0.08838028583  
0.07441888891  
-0.0004306662226  
0.08975786036  
0.08187145128  
0.1541898373  
0.08101273032  
0.02998242124  
0.1764073369  
-0.2161287945  
-0.03660449938  
-0.05350749109  
0.0003048171128  
0.1703205472  
0.03488852925  
-0.02752912711  
-0.04793201137  
0.02752905316  
-0.06107669327  
-0.0800123373  
0.1088469715  
-0.006455754876  
0.01076628741  
0.08404582119  
0.132657336  
-0.1460209757  
0.1456014811  
-0.1167890488  
0.1866654606  
-0.03289897029  
-0.008054280282  
-0.306339574  
-0.1683604593  
0.4805856345  
-0.0296833531  
-0.05196041539  
0.09736544991  
