30.7971983  
10.96958848  
30.22309071  
26.93101796  
19.96363497  
18.08250895  
-5.491928057  
4.083593287  
28.74903197  
5.926211778  
15.23993657  
4.187409708  
3.402556394  
12.01290313  
9.170057123  
-5.445923831  
16.68217227  
13.05919977  
-5.887497613  
-14.20211426  
41.88855863  
-4.041393629  
-3.507129317  
-9.59277459  
14.86635785  
20.85216983  
29.0448968  
27.92866646  
3.616858308  
-35.22143596  
-37.02771034  
26.75876545  
25.81723195  
16.76725268  
28.21200737  
-29.85334081  
-7.420355934  
5.223811072  
12.94739555  
19.15364461  
15.37326062  
-21.22468145  
-0.4240711184  
30.96893729  
26.89005718  
