-0.0494723029  
-0.02211875461  
-0.2406025457  
0.06836693746  
-0.1049183091  
-0.04534337644  
0.07610389219  
0.1499091703  
-0.07583733714  
0.003040933075  
0.0243739196  
0.1756023503  
0.0600692299  
-0.01876850629  
-0.02409970932  
0.109001915  
-0.009695113561  
0.2016915657  
-0.02161676185  
-0.07927545381  
-0.1044254133  
-0.1244282576  
0.09643709897  
-0.1049495926  
-0.001680938871  
-0.1901003117  
-0.06654547635  
0.01550779918  
0.09793904132  
-0.1173881058  
0.2004283913  
0.1585961589  
-0.03048349165  
-0.1050415366  
-0.08739247136  
0.0563811195  
0.09172106086  
0.07188641466  
-0.1550231675  
-0.1059445096  
0.03965632951  
-0.04767694012  
0.1202936051  
0.2015116267  
0.01782825958  
