0.00944746026  
-0.002802242685  
0.01551960351  
-0.2563661556  
-0.1337624615  
-0.01870302565  
0.09148377373  
0.05418056245  
-0.1100707601  
0.001071963215  
-0.1140889909  
0.03929464696  
0.1318831217  
-0.008428518607  
-0.1544031652  
-0.1262256368  
0.07374906511  
-0.06851816233  
-0.05844723971  
-0.0288587103  
-0.01198673882  
0.1172637064  
0.1737937073  
-0.05308427693  
-0.1420663608  
-0.04434781699  
-0.3040414153  
0.1189279566  
0.2248928294  
-0.07947252967  
0.1358443075  
-0.0381593999  
-0.02675608173  
0.0314669663  
-0.02378942073  
-0.08017966812  
-0.09768021751  
-0.1271091665  
0.1508091091  
0.04220850169  
0.004614015277  
-0.003578114099  
0.08252554732  
-0.286023304  
-0.1167978946  
