-0.2157627809  
0.1320032328  
-0.003362874557  
0.1197194231  
0.1270019486  
0.09449573446  
0.1430473919  
0.05015269357  
0.1321396941  
0.04142204925  
-0.03469086711  
-0.008591682367  
0.1281761515  
0.02055681384  
0.1711693283  
-0.02217115146  
-0.03461002259  
0.1659862102  
-0.04674864404  
0.02222905939  
0.02717513752  
0.1520387106  
-0.1360973432  
0.2297628147  
-0.2593972513  
-0.02713757714  
0.2678102768  
0.03649747548  
0.03583074635  
0.306615083  
-0.05358144894  
0.03571013836  
0.1394362448  
0.07525467142  
-0.02311277016  
0.1359198788  
0.246613969  
0.04732512304  
0.1114683184  
-0.1799342094  
-0.06977240661  
0.07342720233  
0.09711386871  
0.04025890797  
-0.04816328207  
