-0.4407486876  
-0.1283374625  
0.2205249619  
0.05429193632  
-0.3209721373  
-0.1417132423  
0.05405267965  
-0.00257730685  
-0.040418159  
-0.03211278782  
0.07736606558  
-0.3262773929  
-0.2694693814  
-0.1322373699  
-0.07809502223  
0.5861691797  
-0.284755876  
-0.07734037149  
-0.02594128752  
-0.07183088897  
-0.03225229318  
0.02633141493  
0.02412202994  
-0.2016419974  
0.02153484513  
0.6103833722  
-0.1489357235  
-0.1367939023  
-0.2291424725  
0.1206824231  
-0.003338653496  
0.2809971906  
0.02497304368  
-0.144486827  
0.1037636025  
0.01789383919  
0.1828437119  
0.08415471288  
-0.06763589544  
0.2827722818  
-0.07168826819  
-0.01962848326  
-0.1857084973  
-0.1599652481  
-0.3863343734  
