-0.3039919912  
0.06457455249  
0.1158944362  
-0.1006468577  
-0.1026153886  
0.1490816877  
0.0247212103  
0.0188966268  
0.04042686905  
0.05264273663  
-0.2367011525  
0.2194315937  
-0.04217134166  
0.09600255022  
-0.04736555927  
-0.01405080854  
-0.02150352775  
-0.1205709798  
0.001943878404  
-0.3586255762  
0.03498692774  
0.3851504263  
-0.1372826102  
-0.03288272785  
-0.1533857877  
-0.02495559577  
-0.1557529456  
0.1313046227  
0.2896280375  
0.01293557289  
-0.08483131882  
0.1240069327  
0.1207528604  
0.1269024181  
0.09597503557  
0.04145834543  
-0.05404423927  
-0.0817144295  
0.1447634398  
0.2614955514  
0.04868844785  
0.06898431745  
-0.1045741  
-0.2629243746  
-0.05809268551  
