-0.4623436567  
0.2500317107  
-0.03165822242  
-0.1454070889  
-0.03067214181  
-0.03673529899  
-0.1252515535  
-0.0297630872  
0.03186696682  
0.008092360032  
0.02573471656  
-0.05597877461  
0.1759655513  
-0.3045329577  
0.09684660854  
0.6870088459  
0.08610913822  
-0.2024583846  
-0.03625572334  
-0.09947276012  
0.02860471532  
0.1952136586  
-0.05140476068  
0.2301632099  
-0.2011159497  
-0.02983291516  
-0.1165063266  
0.08261131819  
0.2405072878  
0.3480900777  
-0.3366600934  
-0.3789789004  
0.06739226748  
0.1148541352  
0.04394704652  
0.04425615509  
0.1352917185  
0.2517788073  
0.08574844068  
0.07508396495  
0.029528631  
0.01556801948  
-0.3083284803  
1.165197087  
0.1519474492  
