-0.03505432812  
0.03076125032  
-0.2827606074  
-0.2946722006  
0.04855120589  
-0.03403329589  
0.431589998  
-0.1158773195  
0.01468680638  
0.1974834897  
-0.06739818393  
0.04098470837  
-0.01607393897  
0.07652678543  
0.06484587638  
0.1253544008  
-0.06379052056  
-0.1524227563  
0.06359634872  
-0.1414989973  
-0.06336289438  
-0.2998997828  
-0.08265249445  
-0.02326837083  
-0.1196416557  
0.01512806306  
-0.06654073466  
0.0929987112  
0.3440547103  
0.08323818205  
0.08441170844  
-0.0844287751  
-0.001609666077  
-0.164235878  
0.1257767432  
-0.226720912  
0.1271284714  
0.03253120495  
0.03596746407  
-0.1356974217  
0.0598819598  
0.1365112473  
-0.2111174844  
0.06092976235  
0.05415239626  
