-0.04253950146  
-0.2335568724  
-0.3653746597  
0.1966834963  
0.1839821895  
0.06337601027  
0.04274580312  
-0.373660424  
0.05426040588  
0.2228883705  
0.08678140035  
-0.01429518057  
-0.1657782143  
-0.07271419375  
0.05917673401  
0.009079819582  
-0.04154017704  
0.0746650438  
-0.1235351737  
0.04428632876  
0.04312089193  
-0.195066665  
0.01295950142  
0.2210369181  
0.2675005429  
0.6094819174  
-0.1516774708  
-0.2556374961  
0.01127433559  
0.1458482467  
0.004702211529  
-0.01893504664  
0.04038666018  
0.1569825567  
0.148467191  
-0.05696549051  
0.2097031619  
0.04262409028  
-0.2803904283  
0.05313598521  
-0.2034242679  
-0.243293451  
0.1401902983  
0.1209162137  
-0.7797966599  
