-0.100826733  
0.06297563252  
0.1566997297  
-0.05191577755  
-0.04310904066  
-0.02433402121  
-0.1250285344  
0.0990311295  
0.04377895271  
0.5208640906  
-0.07636727706  
-0.01997126247  
-0.1847141448  
-0.05365849318  
-0.08142942465  
-0.8422384591  
0.008470177727  
-0.2322706428  
0.001721734426  
-0.2461098329  
0.1019669271  
0.1331562399  
0.01645571125  
-0.09868810904  
-0.0624931137  
-0.1674026417  
-0.2295096236  
-0.1186907646  
0.06880062113  
0.2815821602  
0.08295807049  
0.06851163845  
0.1607336578  
-0.4822535217  
0.147156985  
0.09463636832  
0.4411147068  
-0.04661375843  
-0.1502559747  
0.08042700777  
-0.2600964139  
0.1434405204  
-0.03599452593  
-0.282376289  
-0.1673196147  
