-0.2172152798  
-0.1036950795  
0.102742106  
0.1499611897  
0.06726371486  
-0.06922894763  
0.104446071  
-0.0313430222  
0.05386430893  
0.3728963756  
0.03833863766  
0.1019240582  
-0.3207657847  
-0.1795545143  
0.04307273888  
-0.1672560797  
-0.344052165  
-0.02862464389  
-0.06722473259  
-0.07500607042  
0.2904473757  
-0.07179950381  
-0.1803711776  
0.5551499771  
0.2373525765  
0.8620108899  
0.05260083955  
0.1078002799  
-0.0613729049  
0.3116829513  
0.08775804084  
0.27576178  
-0.4875217833  
0.1221941045  
0.1851116999  
-0.04022336881  
-0.05789686375  
0.06670196394  
-0.1793448049  
-0.03548634965  
-0.1211834975  
-0.05033095446  
-0.04905107769  
-0.3598704928  
-0.1261871198  
