0.01038178541  
-0.03726516299  
-0.2349536612  
-0.1091438062  
0.03572240727  
0.02379744359  
0.2663843061  
-0.02482772305  
0.001014221705  
0.1832893721  
-0.01321955819  
-0.02745137949  
0.06371147514  
-0.04234588522  
0.1058783596  
-0.09287398811  
0.02413674846  
0.17281647  
0.05051967477  
-0.2694153072  
0.1586896738  
-0.1010713461  
-0.03092564701  
-0.03518945557  
-0.1853364205  
0.1068786178  
0.05437209099  
0.0004715410331  
0.082628523  
-0.1345487124  
0.07234818459  
0.1577413816  
-0.02996259604  
0.2414821448  
0.01823049276  
0.05273754956  
0.4170431777  
0.03755492606  
-0.0495981702  
0.138595927  
0.0160132027  
-0.03108764173  
-0.01688116882  
-0.04579943075  
0.099771152  
