-0.4283464841  
0.158473914  
-0.000263397827  
0.3617251775  
0.08766789171  
-0.03308137091  
-0.04487938003  
-0.1191504455  
0.009565323187  
0.008062891186  
-0.005909661894  
0.005272588791  
-0.2776476545  
-0.06773762715  
-0.1022106812  
0.1426988267  
0.003286274943  
0.2994790567  
-0.003893400383  
-0.08553793899  
0.1238738807  
-0.1484939315  
0.009365019854  
-0.03266983147  
0.021457936  
0.5868405284  
0.001910865307  
-0.1643066056  
0.0417390351  
0.1456764587  
0.09515334979  
-0.1110288962  
0.02292150391  
-0.09147660194  
0.0394781282  
-0.08461983838  
0.3634177748  
0.07589777441  
0.06408393927  
-0.03020180566  
0.04720287704  
0.5844787038  
-0.09138866784  
-0.1267341909  
0.138745784  
