-0.06103312577  
-0.050086441  
-0.4716531815  
-0.0924030934  
0.01397662625  
-0.01865355906  
0.1904998295  
-0.002980927888  
0.06389791808  
0.1206122254  
0.004294431278  
0.02580908958  
0.02188824218  
-0.08654426381  
0.2765748603  
0.06542179426  
-0.2134702092  
0.04315298846  
-0.01152195114  
0.0583476361  
0.08177664725  
-0.3199981192  
0.0187929994  
0.2151652324  
0.02073028566  
-0.05484527305  
-0.09668729153  
0.01835933286  
0.02282914796  
-0.01606957647  
0.06593500068  
0.0316293208  
0.05850471117  
-0.04102543428  
-0.1523452533  
0.009198208389  
0.05734929333  
-0.1465864419  
-0.04773706852  
-0.1108466754  
0.01698632366  
-0.09078864601  
0.01050473612  
0.1983728397  
-0.02052215477  
