-0.2312537775  
-0.02635905254  
-0.107876726  
-0.02334298533  
-0.1501668285  
0.01239644471  
0.04788214102  
-0.02867194579  
0.1197595594  
-0.04374123009  
-0.1459261781  
0.008943285934  
-0.07405888765  
-0.1037987217  
0.06486805663  
0.2055141759  
-0.2062431052  
0.1135944847  
0.004108666712  
-0.2129322749  
0.02509913476  
-0.0718726081  
-0.1306832261  
0.04522376463  
-0.1121579051  
-0.05708593201  
0.006590576867  
0.01850622084  
-0.01342495286  
0.1529397706  
0.03312168254  
0.04575443401  
-0.05970730343  
0.06992318716  
0.2789220747  
0.01901235485  
0.1902729857  
0.08937586893  
0.04001527211  
0.1093317749  
-0.106590728  
-0.07755918925  
0.01249374283  
0.04563155976  
-0.02186678496  
