0.0297259832  
-0.2125179932  
-0.04332797303  
-0.09450161643  
0.06573933911  
-0.06210412042  
0.02647898744  
0.008867368482  
0.1345658367  
0.1098792839  
-0.2429780474  
0.3778355355  
0.05423853714  
0.2846297249  
-0.05869512305  
0.08375004471  
0.05929643693  
-0.0908407917  
0.03672023943  
0.1189759122  
0.1223442191  
-0.3737110754  
-0.001218029669  
0.04688262436  
-0.08187789394  
0.05460953536  
-0.2042644448  
0.1445216401  
0.06573541041  
-0.0445790571  
-0.3012672141  
-0.02313738767  
0.1565574749  
-0.03896516468  
-0.03381689236  
-0.1509195425  
0.0006421195637  
0.02912820931  
-0.1736676486  
0.101485042  
-0.003434819433  
-0.02230455273  
0.06962051108  
0.1849068781  
0.01512709021  
