-0.09897583071  
0.3530273747  
-0.1440237561  
0.4726510593  
0.01496519195  
-0.1604103215  
0.09626041652  
-0.01200651098  
-0.2486351705  
-0.1474971328  
-0.4207931526  
0.1921323545  
0.1173564539  
0.09147724794  
0.04465577506  
0.4348556823  
0.080888349  
0.1591474881  
-0.006200468976  
-0.3615373111  
0.0830954451  
0.05070637595  
-0.09155645604  
-0.2564974804  
-0.105973407  
-0.091367944  
0.1169765217  
0.05800729257  
-0.0023252345  
0.1527315728  
-0.04115063556  
0.04928659305  
0.06762356018  
-0.1487336625  
-0.0739869794  
-0.06772112569  
0.1326583869  
-0.05518314692  
-0.2049801093  
-0.2121462725  
0.1126042612  
-0.060961181  
-0.09842693036  
-0.001389746309  
0.05178394727  
