-0.02635139134  
0.149643294  
-0.1166029536  
-0.02118385924  
0.06810319378  
0.2353883805  
-0.03283197335  
-0.04461675091  
0.03174371002  
-0.1237724965  
-0.09365659716  
0.02999820707  
0.03758194469  
-0.02127925084  
0.04132507732  
0.2463461275  
0.07072341775  
0.1823594898  
-0.04862149158  
-0.2832611503  
0.01753722542  
0.04228297435  
0.0447873156  
0.1951241772  
-0.2297403003  
0.02112366972  
-0.2928226351  
0.1769263505  
0.2291350878  
-0.09402468555  
-0.1068396296  
0.02331525455  
-0.02999853365  
0.1307674554  
-0.1770043185  
-0.02453897064  
-0.06318538881  
-0.08082456084  
0.03919101563  
0.0478303903  
-0.03707918209  
-0.08216478017  
-0.2133265869  
0.1841173822  
0.148644146  
