-0.229176279  
0.006045156502  
-0.0127411024  
0.01783384863  
-0.1475134826  
-0.01648273388  
0.04502708048  
-0.0009736974822  
0.08683987952  
0.0708919194  
-0.2265274254  
-0.002054393347  
-0.1885503554  
0.1120794853  
0.1443069675  
-0.08762362668  
0.09200623082  
-0.1038612807  
-0.01267384559  
-0.09336088279  
0.0571958624  
0.09170762959  
-0.06092574893  
0.02791199228  
-0.006742851351  
-0.119062355  
-0.03151211687  
0.1069177632  
0.1236131085  
0.09458617258  
-0.02322875451  
0.06777301666  
0.2901113559  
0.2144874028  
-0.05245142522  
0.00228011436  
-0.05178305551  
-0.04126039282  
0.001967693826  
0.1012018111  
0.08247888637  
-0.02119406019  
0.07180803593  
-0.1288717434  
0.02824410443  
