-0.1899798866  
0.2289261049  
0.02341256577  
-0.2389783691  
0.03684778575  
-0.1791124184  
0.03847430403  
-0.1674771174  
-0.004395586769  
0.2704428485  
-0.006976928335  
-0.004205353215  
0.241851007  
-0.1866093874  
0.03684140085  
0.4716860809  
-0.1078581904  
-0.03841581776  
0.01519081499  
-0.04869954996  
0.06746220787  
-0.04632963439  
0.0800527147  
0.1599024341  
-0.1539601256  
0.02498067065  
0.03745198877  
0.02605771427  
0.2005923216  
0.1210696999  
-0.107862811  
-0.1214994682  
-0.1020381993  
0.2803989457  
-0.2272361938  
-0.007909578247  
0.3453195699  
0.03238973271  
0.2459820454  
0.02601534344  
0.02668496878  
0.02745155438  
-0.02893773313  
-0.3926601418  
0.165857753  
