-0.1423572055  
0.01372137384  
-0.1968761281  
-0.03801114869  
-0.0161439813  
0.110816376  
0.2044917281  
-0.01731169525  
0.02628365277  
0.06427654163  
-0.04957338893  
-0.006432033211  
-0.1448209942  
0.06116693947  
0.05731999374  
0.1008441326  
0.07614591169  
0.02240025255  
-0.01282041937  
0.01324159841  
0.05564566628  
0.04784424515  
-0.1355352511  
0.135972314  
-0.02624202711  
0.0660376269  
0.1633377863  
0.1208629232  
0.03939404919  
-0.04386583324  
-0.05214608436  
0.05508278354  
-0.007996650309  
0.2165080561  
-0.05741135041  
0.02016702436  
0.3251284026  
0.07978498196  
0.1691546179  
0.0530657068  
0.08994266673  
-0.03057766662  
-0.03589035036  
-0.1438469374  
-0.004003829862  
