0.09616094298  
-0.1281339095  
-0.05638858392  
-0.1782145771  
-0.08981923627  
-0.007075755073  
-0.1809834908  
-0.165939491  
-0.132038115  
0.2143698119  
0.04220034721  
0.02619733242  
-0.3240384283  
-0.03098827777  
0.06208100272  
-0.2094062907  
-0.2919603878  
0.04795662697  
0.02165164289  
-0.1783595259  
0.01319916212  
0.1372969827  
-0.1691778892  
-0.2471687225  
-0.09101774129  
-0.4126621957  
0.002983516928  
-0.220696705  
0.05847156077  
-0.1982456032  
0.01129635123  
0.2235346707  
0.3522401985  
-0.1734397883  
0.1634633936  
0.08993749032  
0.1401388396  
0.09768041586  
0.0654805859  
0.009044715841  
-0.03336766158  
-0.1136117434  
0.0230185816  
-0.06024893006  
-0.1609594823  
