26.54732195  
29.92040876  
53.73085234  
38.53909193  
-24.16931243  
8.921670808  
12.53747755  
40.33797731  
27.63880641  
-1.239819027  
68.8603326  
-35.5249457  
33.21411499  
-9.478148472  
16.63605831  
-9.213748553  
22.40213518  
-41.69361746  
-3.847191403  
0.8778824137  
21.88615561  
4.749009957  
19.25229294  
-24.98205466  
30.22481193  
-16.74285443  
-3.796853838  
-15.47176101  
0.9440259782  
-34.02667745  
-2.894188805  
37.86542094  
25.85624486  
30.08622267  
48.75680205  
-1.950524361  
-13.6128146  
1.180745191  
44.82417071  
14.30841202  
10.8666693  
5.407675944  
-8.067744903  
-15.69805083  
10.53443849  
