83.70330831  
14.22377783  
120.5543418  
176.6371235  
123.5439426  
33.73884719  
129.6888482  
29.07019321  
46.4014794  
7.219530513  
69.03341091  
57.69546425  
-22.73278797  
22.50713144  
-97.41020487  
42.73774588  
19.4237672  
69.26887409  
-40.4373686  
34.32579971  
120.5438335  
21.43081993  
8.695455548  
74.50168677  
69.0619084  
55.20821506  
-6.883488159  
91.71278951  
15.52684382  
39.6575572  
14.25061324  
58.76645333  
87.16762212  
39.5669964  
27.99805744  
61.29364084  
69.25397609  
77.84774543  
49.96730471  
52.39562388  
71.1691437  
-91.62432736  
37.29042646  
119.0886984  
76.86682439  
