19.82543719  
17.69815076  
79.7265326  
12.73596656  
-9.031287745  
-11.00841935  
64.75587026  
-20.58581079  
-1.389108343  
-10.42356819  
-50.24485814  
26.89714987  
-11.02794915  
25.88029617  
-2.110728947  
-30.79971911  
80.2023283  
33.52099548  
20.63823525  
-55.03325202  
39.67698317  
-24.18176636  
14.28958066  
-9.563219681  
20.07179802  
28.11650499  
92.07135181  
54.80623331  
-10.44249847  
2.26382493  
-55.74095874  
0.5186842863  
-11.73178665  
9.250309266  
52.93121596  
-39.04237489  
31.74082922  
-32.42711625  
-37.93148385  
20.11117669  
-5.712428717  
104.1912712  
18.65553963  
56.2612314  
-31.40937143  
