40.97676489  
27.60902909  
35.72201108  
29.26158783  
-26.99038233  
-9.587690055  
-74.0252438  
21.56944219  
62.0864699  
-1.094990577  
72.75167104  
15.77217813  
26.4577919  
4.682827347  
49.8861693  
22.94609213  
25.25880552  
-44.06835155  
6.508378134  
-0.7578559356  
38.65933312  
32.45040232  
18.56060764  
-27.98793909  
28.24869724  
2.376688066  
6.470889705  
11.37351482  
7.642438196  
-27.67016784  
-42.80330266  
25.59876972  
26.50825577  
28.43442269  
39.46525186  
-67.9525107  
-5.543317447  
3.549654839  
-3.910291934  
27.62293149  
23.88276048  
197.161367  
7.017130049  
11.31243354  
-26.97457572  
