22.57548169  
37.91398869  
138.6562838  
-18.32048581  
98.18070761  
-42.0365007  
142.0477468  
-38.0015672  
-36.51572928  
-37.74854283  
-35.12847126  
38.0056879  
-25.64222626  
46.79979144  
-24.24103875  
3.49357835  
156.7414952  
41.78690993  
43.88630379  
-69.79890755  
17.63185285  
-35.26656392  
10.29006509  
-32.33085275  
-34.01087104  
44.01790513  
95.73620412  
102.7711969  
-21.21526207  
36.41319293  
-128.8553543  
-2.715316402  
-16.66600973  
-16.46902613  
65.16091868  
-89.13915765  
61.45226764  
-21.06937958  
-76.59915425  
48.77985194  
-25.38089757  
224.9985242  
18.3627684  
5.155316592  
-62.97450001  
