62.41849761  
-9.328153835  
22.72239466  
44.38130928  
-119.4649872  
17.03259484  
-14.23702264  
-2.443897094  
31.17367529  
13.68997206  
-61.64679287  
16.90925733  
9.689929049  
7.01350658  
19.4643741  
-62.48375664  
9.217018161  
25.4368272  
1.625638799  
-41.27431701  
66.02807783  
-11.15951689  
19.84479524  
12.85324446  
76.63780826  
10.93857902  
91.55129608  
3.727270071  
-0.9566288055  
-31.76119953  
17.37343643  
5.342313278  
-2.872585033  
34.94491843  
39.01321078  
4.502505535  
9.29648833  
-40.91488078  
3.913621888  
-6.233163699  
7.320022588  
-16.61598203  
21.11564066  
107.3671455  
0.8272113225  
