37.98253428  
11.51178269  
38.58120362  
38.07589411  
-72.77285684  
14.04870357  
-0.9316732565  
17.45060787  
29.2883394  
7.777490812  
6.240980758  
-9.602111249  
21.39500859  
-2.735189193  
18.35441032  
-36.04220065  
15.49081891  
-6.214124965  
1.197560798  
-19.62232757  
43.71493626  
-1.781487084  
19.02998467  
-4.926043201  
53.92350536  
-5.824304424  
44.06462491  
-6.347434245  
1.208794567  
-35.62545587  
7.239623809  
20.98071278  
9.519788266  
32.68009197  
44.75848894  
2.797031243  
-1.150395979  
-20.26967153  
19.69976189  
4.238900962  
7.786653603  
-5.604152981  
5.933349424  
45.83454752  
5.992747509  
