10809.04852  
10832.25445  
10784.2441  
10833.37495  
10854.38529  
10869.75264  
10725.22145  
10725.98986  
10760.32893  
10728.90201  
10761.46989  
10773.49527  
10771.5977  
10827.65134  
10844.86418  
10826.11143  
10832.58012  
10777.93641  
10787.23224  
10810.80159  
10874.1517  
10840.45979  
10805.45865  
10802.25521  
10777.7241  
10737.06934  
10763.19851  
10805.66796  
10787.2729  
10812.09287  
10842.97996  
10841.28217  
10848.08898  
10838.62563  
10761.60535  
10806.73396  
10770.17136  
10683.89038  
10848.13066  
10702.75184  
10749.32109  
10730.71127  
10844.57829  
10822.78978  
10796.3951  
10700.97109  
10731.68377  
10673.45869  
10716.92425  
10754.98209  
10753.97107  
10680.85605  
10612.85969  
10683.074  
10738.61811  
10717.10727  
10661.00991  
10640.33673  
10654.63758  
10672.10349  
10677.24825  
10672.50922  
10656.46665  
10701.9599  
10575.0976  
10488.81445  
10763.76078  
10583.11882  
10618.96946  
10618.27014  
10649.05  
10578.21981  
10574.79641  
10567.34775  
10649.27263  
10622.09626  
10577.50951  
10562.78465  
10533.24603  
10596.59677  
10716.83475  
10676.20979  
10665.41612  
10646.55668  
10614.48953  
10607.31384  
10610.41432  
10567.52732  
10557.41871  
10593.09194  
10651.48151  
10637.40526  
10636.90689  
10583.58032  
10571.37917  
10589.41083  
10614.18111  
10673.58292  
10699.71555  
10660.83822  
10635.80904  
10678.18132  
10642.4746  
10558.93144  
10564.62566  
10551.29859  
10616.8532  
10655.12161  
10642.89806  
10833.82128  
10628.70421  
10581.67999  
10547.26149  
10501.28814  
10437.24602  
10432.67153  
10544.23101  
10558.98549  
10522.97741  
10561.90601  
10550.69527  
10517.06509  
10602.66704  
10624.86747  
10670.28206  
10740.56758  
10714.62365  
10695.71807  
10691.8135  
10649.75947  
10662.49668  
10574.40094  
10537.25759  
10640.73879  
10645.98284  
10599.93463  
10623.17773  
10622.6592  
10615.8485  
10676.05701  
10733.18797  
10680.63979  
10649.00484  
10593.10403  
10631.0789  
10642.61878  
10637.51415  
10591.64452  
10564.23344  
10591.78848  
10568.66413  
10630.22016  
10641.25187  
10640.35608  
10633.86415  
10697.61487  
10700.97243  
10689.39373  
10631.66425  
10650.2244  
10721.02784  
10759.68798  
10728.05684  
10625.31064  
10588.52809  
10593.5985  
10554.78184  
10600.78357  
10546.24968  
10554.71529  
10624.95003  
10639.86818  
10664.44295  
10613.7306  
10622.75642  
10581.79817  
10571.86965  
10562.57985  
10616.0972  
10622.22371  
10666.90508  
10605.13817  
10654.82345  
10638.17296  
10619.15576  
10615.15293  
10597.22017  
10673.75243  
10667.51077  
10685.43829  
10700.66801  
10696.06574  
10677.16314  
10640.34377  
10575.58766  
10587.05004  
10572.11327  
10621.19138  
10626.39283  
10669.33623  
10669.15508  
10719.60207  
10736.1864  
10707.46503  
10717.38035  
10752.26666  
10714.87988  
10759.63238  
10730.98665  
10681.30181  
10638.85676  
10675.565  
10657.76727  
10677.11244  
10676.78174  
10692.26336  
10705.51619  
10700.09338  
10707.90776  
10678.6713  
10641.15301  
10638.35646  
10671.78799  
10686.52121  
10710.78865  
10719.27723  
10716.56656  
10678.93583  
10620.34583  
10592.24543  
10651.20084  
