10821.17584  
10839.3844  
10783.98796  
10826.69084  
10841.26643  
10893.61847  
10749.51084  
10760.70274  
10762.07132  
10745.54944  
10780.32639  
10795.46353  
10797.32999  
10851.33892  
10857.45426  
10837.67686  
10849.75438  
10798.39407  
10810.82883  
10842.98373  
10885.60325  
10869.57787  
10834.42382  
10823.41775  
10807.03383  
10763.29151  
10759.79674  
10816.40772  
10803.9143  
10820.56632  
10870.8799  
10841.7138  
10869.15727  
10846.87967  
10786.40742  
10829.92101  
10787.67255  
10712.50681  
10864.87126  
10721.96489  
10779.54509  
10741.45376  
10859.71174  
10819.22531  
10807.95737  
10715.08352  
10733.04134  
10692.49933  
10746.67711  
10773.04153  
10772.73402  
10708.72426  
10643.5434  
10696.99465  
10747.73921  
10732.74606  
10680.43412  
10658.55221  
10688.75288  
10695.87089  
10699.09317  
10664.63845  
10678.34435  
10701.37851  
10618.71252  
10464.64924  
10737.79  
10584.09811  
10611.94915  
10612.00892  
10645.06642  
10589.05248  
10577.46857  
10578.40975  
10649.44391  
10603.92935  
10570.69551  
10543.22463  
10526.67118  
10589.40377  
10699.00715  
10682.19585  
10668.1738  
10630.58606  
10611.07783  
10613.09253  
10605.00305  
10559.02409  
10554.93753  
10582.7729  
10647.79193  
10616.25208  
10636.96388  
10573.69314  
10580.17363  
10586.77728  
10605.78483  
10675.02284  
10693.98787  
10649.26752  
10628.83198  
10674.75089  
10636.65534  
10553.49344  
10572.40516  
10559.48182  
10596.95069  
10638.91061  
10636.49214  
10838.5193  
10630.95066  
10585.26965  
10554.46232  
10506.68687  
10459.94279  
10447.16566  
10543.5176  
10566.14994  
10536.59403  
10572.34207  
10556.15277  
10520.87302  
10610.52426  
10625.833  
10648.86631  
10715.65249  
10726.06474  
10684.99989  
10694.76839  
10637.99729  
10669.08409  
10573.01995  
10545.38763  
10652.87296  
10649.55814  
10588.11949  
10613.40599  
10615.65692  
10622.6346  
10676.76712  
10731.50947  
10674.49503  
10644.80142  
10609.39928  
10636.2513  
10649.33898  
10640.78244  
10599.85048  
10543.18425  
10588.5857  
10560.84107  
10613.23277  
10631.44399  
10627.57447  
10612.53495  
10682.02828  
10689.06247  
10693.60589  
10601.4361  
10639.38366  
10706.46886  
10757.81729  
10726.48116  
10632.36104  
10596.17515  
10606.49528  
10561.06163  
10602.83501  
10533.34978  
10556.74011  
10620.32815  
10627.48951  
10654.67648  
10601.73691  
10605.35314  
10582.37355  
10569.90758  
10549.55162  
10601.68464  
10618.81292  
10668.92906  
10607.58947  
10656.47169  
10648.64613  
10627.43689  
10630.14921  
10585.69933  
10651.57507  
10673.53747  
10696.19469  
10676.2482  
10683.64726  
10669.85227  
10627.8509  
10590.28147  
10573.48121  
10577.20818  
10633.8824  
10641.81885  
10677.0165  
10663.81748  
10736.86744  
10760.45825  
10711.32307  
10714.33277  
10744.46361  
10711.87916  
10752.50251  
10750.09877  
10695.00136  
10642.97519  
10701.91225  
10681.04546  
10665.79907  
10685.08872  
10696.77185  
10714.00526  
10697.64167  
10714.78305  
10696.78649  
10646.0429  
10662.26903  
10687.80341  
10698.3126  
10709.89861  
10729.15579  
10726.9  
10677.7835  
10649.0879  
10626.46721  
10674.02502  
